.860022 1 0 0 1 0.2 1 0 0.01 1 0 0 1 1 0.06189947469890803 0.7083570735683151 0.005774002672265699 0.44495840798985503 0.0050103558051241585 0.49571853383812525 0.005483932067527506 0.5042814661618747 0.4061297883309518 0.9660985486404869 0.2821114954060466 0.36012567035849014 0.16397713654860452 0.007953996475302063 0.11902428996460626 0.11220673102000882
.854570 1 0 0 1 0.2 1 0 0.01 1 0 0 1 0.25 0.06189947469890803 0.7083570735683151 0.005774002672265699 0.44495840798985503 0.0050103558051241585 0.49571853383812525 0.005483932067527506 0.5042814661618747 0.4061297883309518 0.9660985486404869 0.2821114954060466 0.36012567035849014 0.16397713654860452 0.007953996475302063 0.11902428996460626 0.11220673102000882
.853302 1 0 0 1 0.2 0 1 0.0001 0 0 1 0.2 0.5 0.06189947469890803 0.7083570735683151 0.005774002672265699 0.44495840798985503 0.0050103558051241585 0.49571853383812525 0.005483932067527506 0.5042814661618747 0.4061297883309518 0.9660985486404869 0.2821114954060466 0.36012567035849014 0.16397713654860452 0.007953996475302063 0.11902428996460626 0.11220673102000882
.850767 1 0 0 1 0.2 0 1 0.0001 0 0 1 0.2 1 0.06189947469890803 0.7083570735683151 0.005774002672265699 0.44495840798985503 0.0050103558051241585 0.49571853383812525 0.005483932067527506 0.5042814661618747 0.4061297883309518 0.9660985486404869 0.2821114954060466 0.36012567035849014 0.16397713654860452 0.007953996475302063 0.11902428996460626 0.11220673102000882
.848992 1 0 0 1 0.2 0 1 0.0001 0 0 1 0.2 0.25 0.06189947469890803 0.7083570735683151 0.005774002672265699 0.44495840798985503 0.0050103558051241585 0.49571853383812525 0.005483932067527506 0.5042814661618747 0.4061297883309518 0.9660985486404869 0.2821114954060466 0.36012567035849014 0.16397713654860452 0.007953996475302063 0.11902428996460626 0.11220673102000882
.845949 1 0 0 1 0.2 0 1 0.0001 0 0 1 0.4 0.5 0.06189947469890803 0.7083570735683151 0.005774002672265699 0.44495840798985503 0.0050103558051241585 0.49571853383812525 0.005483932067527506 0.5042814661618747 0.4061297883309518 0.9660985486404869 0.2821114954060466 0.36012567035849014 0.16397713654860452 0.007953996475302063 0.11902428996460626 0.11220673102000882
.860783 1 0 0 1 0.2 0 1 0.0001 0 0 1 0.4 1 0.06189947469890803 0.7083570735683151 0.005774002672265699 0.44495840798985503 0.0050103558051241585 0.49571853383812525 0.005483932067527506 0.5042814661618747 0.4061297883309518 0.9660985486404869 0.2821114954060466 0.36012567035849014 0.16397713654860452 0.007953996475302063 0.11902428996460626 0.11220673102000882
.850259 1 0 0 1 0.2 0 1 0.0001 0 0 1 0.4 0.25 0.06189947469890803 0.7083570735683151 0.005774002672265699 0.44495840798985503 0.0050103558051241585 0.49571853383812525 0.005483932067527506 0.5042814661618747 0.4061297883309518 0.9660985486404869 0.2821114954060466 0.36012567035849014 0.16397713654860452 0.007953996475302063 0.11902428996460626 0.11220673102000882
.856726 1 0 0 1 0.2 0 1 0.0001 0 0 1 1 0.5 0.06189947469890803 0.7083570735683151 0.005774002672265699 0.44495840798985503 0.0050103558051241585 0.49571853383812525 0.005483932067527506 0.5042814661618747 0.4061297883309518 0.9660985486404869 0.2821114954060466 0.36012567035849014 0.16397713654860452 0.007953996475302063 0.11902428996460626 0.11220673102000882
.851147 1 0 0 1 0.2 0 1 0.0001 0 0 1 1 1 0.06189947469890803 0.7083570735683151 0.005774002672265699 0.44495840798985503 0.0050103558051241585 0.49571853383812525 0.005483932067527506 0.5042814661618747 0.4061297883309518 0.9660985486404869 0.2821114954060466 0.36012567035849014 0.16397713654860452 0.007953996475302063 0.11902428996460626 0.11220673102000882
.849499 1 0 0 1 0.2 0 1 0.0001 0 0 1 1 0.25 0.06189947469890803 0.7083570735683151 0.005774002672265699 0.44495840798985503 0.0050103558051241585 0.49571853383812525 0.005483932067527506 0.5042814661618747 0.4061297883309518 0.9660985486404869 0.2821114954060466 0.36012567035849014 0.16397713654860452 0.007953996475302063 0.11902428996460626 0.11220673102000882
.863572 1 0 0 1 0.2 0 1 0.0001 0 1 0 0.2 0.5 0.06189947469890803 0.7083570735683151 0.005774002672265699 0.44495840798985503 0.0050103558051241585 0.49571853383812525 0.005483932067527506 0.5042814661618747 0.4061297883309518 0.9660985486404869 0.2821114954060466 0.36012567035849014 0.16397713654860452 0.007953996475302063 0.11902428996460626 0.11220673102000882
.854697 1 0 0 1 0.2 0 1 0.0001 0 1 0 0.2 1 0.06189947469890803 0.7083570735683151 0.005774002672265699 0.44495840798985503 0.0050103558051241585 0.49571853383812525 0.005483932067527506 0.5042814661618747 0.4061297883309518 0.9660985486404869 0.2821114954060466 0.36012567035849014 0.16397713654860452 0.007953996475302063 0.11902428996460626 0.11220673102000882
.852668 1 0 0 1 0.2 0 1 0.0001 0 1 0 0.2 0.25 0.06189947469890803 0.7083570735683151 0.005774002672265699 0.44495840798985503 0.0050103558051241585 0.49571853383812525 0.005483932067527506 0.5042814661618747 0.4061297883309518 0.9660985486404869 0.2821114954060466 0.36012567035849014 0.16397713654860452 0.007953996475302063 0.11902428996460626 0.11220673102000882
.858374 1 0 0 1 0.2 0 1 0.0001 0 1 0 0.4 0.5 0.06189947469890803 0.7083570735683151 0.005774002672265699 0.44495840798985503 0.0050103558051241585 0.49571853383812525 0.005483932067527506 0.5042814661618747 0.4061297883309518 0.9660985486404869 0.2821114954060466 0.36012567035849014 0.16397713654860452 0.007953996475302063 0.11902428996460626 0.11220673102000882
.841257 1 0 0 1 0.2 0 1 0.0001 0 1 0 0.4 1 0.06189947469890803 0.7083570735683151 0.005774002672265699 0.44495840798985503 0.0050103558051241585 0.49571853383812525 0.005483932067527506 0.5042814661618747 0.4061297883309518 0.9660985486404869 0.2821114954060466 0.36012567035849014 0.16397713654860452 0.007953996475302063 0.11902428996460626 0.11220673102000882
.851908 1 0 0 1 0.2 0 1 0.0001 0 1 0 0.4 0.25 0.06189947469890803 0.7083570735683151 0.005774002672265699 0.44495840798985503 0.0050103558051241585 0.49571853383812525 0.005483932067527506 0.5042814661618747 0.4061297883309518 0.9660985486404869 0.2821114954060466 0.36012567035849014 0.16397713654860452 0.007953996475302063 0.11902428996460626 0.11220673102000882
.860910 1 0 0 1 0.2 0 1 0.0001 0 1 0 1 0.5 0.06189947469890803 0.7083570735683151 0.005774002672265699 0.44495840798985503 0.0050103558051241585 0.49571853383812525 0.005483932067527506 0.5042814661618747 0.4061297883309518 0.9660985486404869 0.2821114954060466 0.36012567035849014 0.16397713654860452 0.007953996475302063 0.11902428996460626 0.11220673102000882
.848358 1 0 0 1 0.2 0 1 0.0001 0 1 0 1 1 0.06189947469890803 0.7083570735683151 0.005774002672265699 0.44495840798985503 0.0050103558051241585 0.49571853383812525 0.005483932067527506 0.5042814661618747 0.4061297883309518 0.9660985486404869 0.2821114954060466 0.36012567035849014 0.16397713654860452 0.007953996475302063 0.11902428996460626 0.11220673102000882
.849499 1 0 0 1 0.2 0 1 0.0001 0 1 0 1 0.25 0.06189947469890803 0.7083570735683151 0.005774002672265699 0.44495840798985503 0.0050103558051241585 0.49571853383812525 0.005483932067527506 0.5042814661618747 0.4061297883309518 0.9660985486404869 0.2821114954060466 0.36012567035849014 0.16397713654860452 0.007953996475302063 0.11902428996460626 0.11220673102000882
.840370 1 0 0 1 0.2 0 1 0.0001 1 0 0 0.2 0.5 0.06189947469890803 0.7083570735683151 0.005774002672265699 0.44495840798985503 0.0050103558051241585 0.49571853383812525 0.005483932067527506 0.5042814661618747 0.4061297883309518 0.9660985486404869 0.2821114954060466 0.36012567035849014 0.16397713654860452 0.007953996475302063 0.11902428996460626 0.11220673102000882
.856092 1 0 0 1 0.2 0 1 0.0001 1 0 0 0.2 1 0.06189947469890803 0.7083570735683151 0.005774002672265699 0.44495840798985503 0.0050103558051241585 0.49571853383812525 0.005483932067527506 0.5042814661618747 0.4061297883309518 0.9660985486404869 0.2821114954060466 0.36012567035849014 0.16397713654860452 0.007953996475302063 0.11902428996460626 0.11220673102000882
.974388 1 0 0 1 0.2 0 1 0.0001 1 0 0 0.2 0.25 0.06189947469890803 0.7083570735683151 0.005774002672265699 0.44495840798985503 0.0050103558051241585 0.49571853383812525 0.005483932067527506 0.5042814661618747 0.4061297883309518 0.9660985486404869 0.2821114954060466 0.36012567035849014 0.16397713654860452 0.007953996475302063 0.11902428996460626 0.11220673102000882
.859008 1 0 0 1 0.2 0 1 0.0001 1 0 0 0.4 0.5 0.06189947469890803 0.7083570735683151 0.005774002672265699 0.44495840798985503 0.0050103558051241585 0.49571853383812525 0.005483932067527506 0.5042814661618747 0.4061297883309518 0.9660985486404869 0.2821114954060466 0.36012567035849014 0.16397713654860452 0.007953996475302063 0.11902428996460626 0.11220673102000882
.854824 1 0 0 1 0.2 0 1 0.0001 1 0 0 0.4 1 0.06189947469890803 0.7083570735683151 0.005774002672265699 0.44495840798985503 0.0050103558051241585 0.49571853383812525 0.005483932067527506 0.5042814661618747 0.4061297883309518 0.9660985486404869 0.2821114954060466 0.36012567035849014 0.16397713654860452 0.007953996475302063 0.11902428996460626 0.11220673102000882
.960821 1 0 0 1 0.2 0 1 0.0001 1 0 0 0.4 0.25 0.06189947469890803 0.7083570735683151 0.005774002672265699 0.44495840798985503 0.0050103558051241585 0.49571853383812525 0.005483932067527506 0.5042814661618747 0.4061297883309518 0.9660985486404869 0.2821114954060466 0.36012567035849014 0.16397713654860452 0.007953996475302063 0.11902428996460626 0.11220673102000882
.854444 1 0 0 1 0.2 0 1 0.0001 1 0 0 1 0.5 0.06189947469890803 0.7083570735683151 0.005774002672265699 0.44495840798985503 0.0050103558051241585 0.49571853383812525 0.005483932067527506 0.5042814661618747 0.4061297883309518 0.9660985486404869 0.2821114954060466 0.36012567035849014 0.16397713654860452 0.007953996475302063 0.11902428996460626 0.11220673102000882
.848484 1 0 0 1 0.2 0 1 0.0001 1 0 0 1 1 0.06189947469890803 0.7083570735683151 0.005774002672265699 0.44495840798985503 0.0050103558051241585 0.49571853383812525 0.005483932067527506 0.5042814661618747 0.4061297883309518 0.9660985486404869 0.2821114954060466 0.36012567035849014 0.16397713654860452 0.007953996475302063 0.11902428996460626 0.11220673102000882
.976036 1 0 0 1 0.2 0 1 0.0001 1 0 0 1 0.25 0.06189947469890803 0.7083570735683151 0.005774002672265699 0.44495840798985503 0.0050103558051241585 0.49571853383812525 0.005483932067527506 0.5042814661618747 0.4061297883309518 0.9660985486404869 0.2821114954060466 0.36012567035849014 0.16397713654860452 0.007953996475302063 0.11902428996460626 0.11220673102000882
.851147 1 0 0 1 0.2 0 1 0.001 0 0 1 0.2 0.5 0.06189947469890803 0.7083570735683151 0.005774002672265699 0.44495840798985503 0.0050103558051241585 0.49571853383812525 0.005483932067527506 0.5042814661618747 0.4061297883309518 0.9660985486404869 0.2821114954060466 0.36012567035849014 0.16397713654860452 0.007953996475302063 0.11902428996460626 0.11220673102000882
.846329 1 0 0 1 0.2 0 1 0.001 0 0 1 0.2 1 0.06189947469890803 0.7083570735683151 0.005774002672265699 0.44495840798985503 0.0050103558051241585 0.49571853383812525 0.005483932067527506 0.5042814661618747 0.4061297883309518 0.9660985486404869 0.2821114954060466 0.36012567035849014 0.16397713654860452 0.007953996475302063 0.11902428996460626 0.11220673102000882
.856345 1 0 0 1 0.2 0 1 0.001 0 0 1 0.2 0.25 0.06189947469890803 0.7083570735683151 0.005774002672265699 0.44495840798985503 0.0050103558051241585 0.49571853383812525 0.005483932067527506 0.5042814661618747 0.4061297883309518 0.9660985486404869 0.2821114954060466 0.36012567035849014 0.16397713654860452 0.007953996475302063 0.11902428996460626 0.11220673102000882