-1.199 0.010 0.990 0.050 99 0 99 0 0 -999999 999999 0 1 2 -999999 999999 -999999 999999 2 0 0 0 3 2 0
-0.705 0.010 0.990 0.100 99 0 99 0 0 -999999 999999 0 1 2 -999999 999999 -999999 999999 2 0 0 0 3 2 0
0.776 0.010 0.990 0.200 99 0 99 0 0 -999999 999999 0 1 2 -999999 999999 -999999 999999 2 0 0 0 3 2 0
-0.705 0.010 0.990 0.300 99 0 99 0 0 -999999 999999 0 1 2 -999999 999999 -999999 999999 2 0 0 0 3 2 0
0.282 0.010 0.990 0.400 99 0 99 0 0 -999999 999999 0 1 2 -999999 999999 -999999 999999 2 0 0 0 3 2 0
1.763 0.010 0.990 0.500 99 0 99 0 0 -999999 999999 0 1 2 -999999 999999 -999999 999999 2 0 0 0 3 2 0
1.763 0.010 0.990 0.600 99 0 99 0 0 -999999 999999 0 1 2 -999999 999999 -999999 999999 2 0 0 0 3 2 0
-1.199 0.020 0.990 0.050 99 0 99 0 0 -999999 999999 0 1 2 -999999 999999 -999999 999999 2 0 0 0 3 2 0
-1.199 0.020 0.990 0.100 99 0 99 0 0 -999999 999999 0 1 2 -999999 999999 -999999 999999 2 0 0 0 3 2 0
0.282 0.020 0.990 0.200 99 0 99 0 0 -999999 999999 0 1 2 -999999 999999 -999999 999999 2 0 0 0 3 2 0
2.751 0.020 0.990 0.300 99 0 99 0 0 -999999 999999 0 1 2 -999999 999999 -999999 999999 2 0 0 0 3 2 0
0.282 0.020 0.990 0.400 99 0 99 0 0 -999999 999999 0 1 2 -999999 999999 -999999 999999 2 0 0 0 3 2 0
0.776 0.020 0.990 0.500 99 0 99 0 0 -999999 999999 0 1 2 -999999 999999 -999999 999999 2 0 0 0 3 2 0
0.776 0.020 0.990 0.600 99 0 99 0 0 -999999 999999 0 1 2 -999999 999999 -999999 999999 2 0 0 0 3 2 0
-0.705 0.050 0.990 0.050 99 0 99 0 0 -999999 999999 0 1 2 -999999 999999 -999999 999999 2 0 0 0 3 2 0
-0.705 0.050 0.990 0.100 99 0 99 0 0 -999999 999999 0 1 2 -999999 999999 -999999 999999 2 0 0 0 3 2 0
1.270 0.050 0.990 0.200 99 0 99 0 0 -999999 999999 0 1 2 -999999 999999 -999999 999999 2 0 0 0 3 2 0
0.282 0.050 0.990 0.300 99 0 99 0 0 -999999 999999 0 1 2 -999999 999999 -999999 999999 2 0 0 0 3 2 0
-0.705 0.050 0.990 0.400 99 0 99 0 0 -999999 999999 0 1 2 -999999 999999 -999999 999999 2 0 0 0 3 2 0
0.282 0.050 0.990 0.500 99 0 99 0 0 -999999 999999 0 1 2 -999999 999999 -999999 999999 2 0 0 0 3 2 0
-0.212 0.050 0.990 0.600 99 0 99 0 0 -999999 999999 0 1 2 -999999 999999 -999999 999999 2 0 0 0 3 2 0
-0.705 0.100 0.990 0.050 99 0 99 0 0 -999999 999999 0 1 2 -999999 999999 -999999 999999 2 0 0 0 3 2 0
-0.705 0.100 0.990 0.100 99 0 99 0 0 -999999 999999 0 1 2 -999999 999999 -999999 999999 2 0 0 0 3 2 0
0.776 0.100 0.990 0.200 99 0 99 0 0 -999999 999999 0 1 2 -999999 999999 -999999 999999 2 0 0 0 3 2 0
1.270 0.100 0.990 0.300 99 0 99 0 0 -999999 999999 0 1 2 -999999 999999 -999999 999999 2 0 0 0 3 2 0
-0.212 0.100 0.990 0.400 99 0 99 0 0 -999999 999999 0 1 2 -999999 999999 -999999 999999 2 0 0 0 3 2 0
0.776 0.100 0.990 0.500 99 0 99 0 0 -999999 999999 0 1 2 -999999 999999 -999999 999999 2 0 0 0 3 2 0
0.776 0.100 0.990 0.600 99 0 99 0 0 -999999 999999 0 1 2 -999999 999999 -999999 999999 2 0 0 0 3 2 0
-0.705 0.300 0.990 0.050 99 0 99 0 0 -999999 999999 0 1 2 -999999 999999 -999999 999999 2 0 0 0 3 2 0
-1.199 0.300 0.990 0.100 99 0 99 0 0 -999999 999999 0 1 2 -999999 999999 -999999 999999 2 0 0 0 3 2 0
-0.212 0.300 0.990 0.200 99 0 99 0 0 -999999 999999 0 1 2 -999999 999999 -999999 999999 2 0 0 0 3 2 0
-1.693 0.300 0.990 0.300 99 0 99 0 0 -999999 999999 0 1 2 -999999 999999 -999999 999999 2 0 0 0 3 2 0
1.270 0.300 0.990 0.400 99 0 99 0 0 -999999 999999 0 1 2 -999999 999999 -999999 999999 2 0 0 0 3 2 0
-0.705 0.300 0.990 0.500 99 0 99 0 0 -999999 999999 0 1 2 -999999 999999 -999999 999999 2 0 0 0 3 2 0
0.282 0.300 0.990 0.600 99 0 99 0 0 -999999 999999 0 1 2 -999999 999999 -999999 999999 2 0 0 0 3 2 0
-0.705 0.500 0.990 0.050 99 0 99 0 0 -999999 999999 0 1 2 -999999 999999 -999999 999999 2 0 0 0 3 2 0
0.282 0.500 0.990 0.100 99 0 99 0 0 -999999 999999 0 1 2 -999999 999999 -999999 999999 2 0 0 0 3 2 0
1.270 0.500 0.990 0.200 99 0 99 0 0 -999999 999999 0 1 2 -999999 999999 -999999 999999 2 0 0 0 3 2 0
-1.199 0.500 0.990 0.300 99 0 99 0 0 -999999 999999 0 1 2 -999999 999999 -999999 999999 2 0 0 0 3 2 0
-1.199 0.500 0.990 0.400 99 0 99 0 0 -999999 999999 0 1 2 -999999 999999 -999999 999999 2 0 0 0 3 2 0
-0.705 0.500 0.990 0.500 99 0 99 0 0 -999999 999999 0 1 2 -999999 999999 -999999 999999 2 0 0 0 3 2 0
-0.705 0.500 0.990 0.600 99 0 99 0 0 -999999 999999 0 1 2 -999999 999999 -999999 999999 2 0 0 0 3 2 0