0.507 0.010 0.990 0.050 1 0 3 0 48 -999999 999999 0 1 4 -999999 999999 -999999 999999 2 0 0 0 7 2 0
-1.423 0.010 0.990 0.100 1 0 3 0 48 -999999 999999 0 1 4 -999999 999999 -999999 999999 2 0 0 0 7 2 0
-1.423 0.010 0.990 0.200 1 0 3 0 48 -999999 999999 0 1 4 -999999 999999 -999999 999999 2 0 0 0 7 2 0
-1.423 0.010 0.990 0.300 1 0 3 0 48 -999999 999999 0 1 4 -999999 999999 -999999 999999 2 0 0 0 7 2 0
-1.423 0.010 0.990 0.400 1 0 3 0 48 -999999 999999 0 1 4 -999999 999999 -999999 999999 2 0 0 0 7 2 0
-1.423 0.010 0.990 0.500 1 0 3 0 48 -999999 999999 0 1 4 -999999 999999 -999999 999999 2 0 0 0 7 2 0
-1.423 0.010 0.990 0.600 1 0 3 0 48 -999999 999999 0 1 4 -999999 999999 -999999 999999 2 0 0 0 7 2 0
0.989 0.020 0.990 0.050 1 0 3 0 48 -999999 999999 0 1 4 -999999 999999 -999999 999999 2 0 0 0 7 2 0
0.989 0.020 0.990 0.100 1 0 3 0 48 -999999 999999 0 1 4 -999999 999999 -999999 999999 2 0 0 0 7 2 0
0.966 0.020 0.990 0.200 1 0 3 0 48 -999999 999999 0 1 4 -999999 999999 -999999 999999 2 0 0 0 7 2 0
-1.423 0.020 0.990 0.300 1 0 3 0 48 -999999 999999 0 1 4 -999999 999999 -999999 999999 2 0 0 0 7 2 0
-0.952 0.020 0.990 0.400 1 0 3 0 48 -999999 999999 0 1 4 -999999 999999 -999999 999999 2 0 0 0 7 2 0
-0.481 0.020 0.990 0.500 1 0 3 0 48 -999999 999999 0 1 4 -999999 999999 -999999 999999 2 0 0 0 7 2 0
-0.481 0.020 0.990 0.600 1 0 3 0 48 -999999 999999 0 1 4 -999999 999999 -999999 999999 2 0 0 0 7 2 0
0.989 0.050 0.990 0.050 1 0 3 0 48 -999999 999999 0 1 4 -999999 999999 -999999 999999 2 0 0 0 7 2 0
0.978 0.050 0.990 0.100 1 0 3 0 48 -999999 999999 0 1 4 -999999 999999 -999999 999999 2 0 0 0 7 2 0
0.955 0.050 0.990 0.200 1 0 3 0 48 -999999 999999 0 1 4 -999999 999999 -999999 999999 2 0 0 0 7 2 0
0.932 0.050 0.990 0.300 1 0 3 0 48 -999999 999999 0 1 4 -999999 999999 -999999 999999 2 0 0 0 7 2 0
0.932 0.050 0.990 0.400 1 0 3 0 48 -999999 999999 0 1 4 -999999 999999 -999999 999999 2 0 0 0 7 2 0
0.932 0.050 0.990 0.500 1 0 3 0 48 -999999 999999 0 1 4 -999999 999999 -999999 999999 2 0 0 0 7 2 0
0.932 0.050 0.990 0.600 1 0 3 0 48 -999999 999999 0 1 4 -999999 999999 -999999 999999 2 0 0 0 7 2 0
0.989 0.100 0.990 0.050 1 0 3 0 48 -999999 999999 0 1 4 -999999 999999 -999999 999999 2 0 0 0 7 2 0
0.966 0.100 0.990 0.100 1 0 3 0 48 -999999 999999 0 1 4 -999999 999999 -999999 999999 2 0 0 0 7 2 0
0.932 0.100 0.990 0.200 1 0 3 0 48 -999999 999999 0 1 4 -999999 999999 -999999 999999 2 0 0 0 7 2 0
0.932 0.100 0.990 0.300 1 0 3 0 48 -999999 999999 0 1 4 -999999 999999 -999999 999999 2 0 0 0 7 2 0
0.932 0.100 0.990 0.400 1 0 3 0 48 -999999 999999 0 1 4 -999999 999999 -999999 999999 2 0 0 0 7 2 0
-0.010 0.100 0.990 0.500 1 0 3 0 48 -999999 999999 0 1 4 -999999 999999 -999999 999999 2 0 0 0 7 2 0
0.932 0.100 0.990 0.600 1 0 3 0 48 -999999 999999 0 1 4 -999999 999999 -999999 999999 2 0 0 0 7 2 0
0.461 0.300 0.990 0.050 1 0 3 0 48 -999999 999999 0 1 4 -999999 999999 -999999 999999 2 0 0 0 7 2 0
0.932 0.300 0.990 0.100 1 0 3 0 48 -999999 999999 0 1 4 -999999 999999 -999999 999999 2 0 0 0 7 2 0
0.932 0.300 0.990 0.200 1 0 3 0 48 -999999 999999 0 1 4 -999999 999999 -999999 999999 2 0 0 0 7 2 0
0.932 0.300 0.990 0.300 1 0 3 0 48 -999999 999999 0 1 4 -999999 999999 -999999 999999 2 0 0 0 7 2 0
-0.952 0.300 0.990 0.400 1 0 3 0 48 -999999 999999 0 1 4 -999999 999999 -999999 999999 2 0 0 0 7 2 0
-0.481 0.300 0.990 0.500 1 0 3 0 48 -999999 999999 0 1 4 -999999 999999 -999999 999999 2 0 0 0 7 2 0
-1.423 0.300 0.990 0.600 1 0 3 0 48 -999999 999999 0 1 4 -999999 999999 -999999 999999 2 0 0 0 7 2 0
0.461 0.500 0.990 0.050 1 0 3 0 48 -999999 999999 0 1 4 -999999 999999 -999999 999999 2 0 0 0 7 2 0
-0.481 0.500 0.990 0.100 1 0 3 0 48 -999999 999999 0 1 4 -999999 999999 -999999 999999 2 0 0 0 7 2 0
-0.010 0.500 0.990 0.200 1 0 3 0 48 -999999 999999 0 1 4 -999999 999999 -999999 999999 2 0 0 0 7 2 0
-0.952 0.500 0.990 0.300 1 0 3 0 48 -999999 999999 0 1 4 -999999 999999 -999999 999999 2 0 0 0 7 2 0
-1.423 0.500 0.990 0.400 1 0 3 0 48 -999999 999999 0 1 4 -999999 999999 -999999 999999 2 0 0 0 7 2 0
-0.481 0.500 0.990 0.500 1 0 3 0 48 -999999 999999 0 1 4 -999999 999999 -999999 999999 2 0 0 0 7 2 0
-1.423 0.500 0.990 0.600 1 0 3 0 48 -999999 999999 0 1 4 -999999 999999 -999999 999999 2 0 0 0 7 2 0
