-0.506 0.010 0.990 0.050 1 0 3 0 64 -999999 999999 0 1 4 -999999 999999 0 1000 2 0 0 0 7 2 0
-0.506 0.010 0.990 0.100 1 0 3 0 64 -999999 999999 0 1 4 -999999 999999 0 1000 2 0 0 0 7 2 0
-0.506 0.010 0.990 0.200 1 0 3 0 64 -999999 999999 0 1 4 -999999 999999 0 1000 2 0 0 0 7 2 0
-0.506 0.010 0.990 0.300 1 0 3 0 64 -999999 999999 0 1 4 -999999 999999 0 1000 2 0 0 0 7 2 0
-0.506 0.010 0.990 0.400 1 0 3 0 64 -999999 999999 0 1 4 -999999 999999 0 1000 2 0 0 0 7 2 0
0.399 0.010 0.990 0.500 1 0 3 0 64 -999999 999999 0 1 4 -999999 999999 0 1000 2 0 0 0 7 2 0
2.848 0.010 0.990 0.600 1 0 3 0 64 -999999 999999 0 1 4 -999999 999999 0 1000 2 0 0 0 7 2 0
-0.506 0.020 0.990 0.050 1 0 3 0 64 -999999 999999 0 1 4 -999999 999999 0 1000 2 0 0 0 7 2 0
-0.506 0.020 0.990 0.100 1 0 3 0 64 -999999 999999 0 1 4 -999999 999999 0 1000 2 0 0 0 7 2 0
-0.506 0.020 0.990 0.200 1 0 3 0 64 -999999 999999 0 1 4 -999999 999999 0 1000 2 0 0 0 7 2 0
-0.506 0.020 0.990 0.300 1 0 3 0 64 -999999 999999 0 1 4 -999999 999999 0 1000 2 0 0 0 7 2 0
-0.506 0.020 0.990 0.400 1 0 3 0 64 -999999 999999 0 1 4 -999999 999999 0 1000 2 0 0 0 7 2 0
0.932 0.020 0.990 0.500 1 0 3 0 64 -999999 999999 0 1 4 -999999 999999 0 1000 2 0 0 0 7 2 0
2.795 0.020 0.990 0.600 1 0 3 0 64 -999999 999999 0 1 4 -999999 999999 0 1000 2 0 0 0 7 2 0
-0.506 0.050 0.990 0.050 1 0 3 0 64 -999999 999999 0 1 4 -999999 999999 0 1000 2 0 0 0 7 2 0
-0.506 0.050 0.990 0.100 1 0 3 0 64 -999999 999999 0 1 4 -999999 999999 0 1000 2 0 0 0 7 2 0
-0.506 0.050 0.990 0.200 1 0 3 0 64 -999999 999999 0 1 4 -999999 999999 0 1000 2 0 0 0 7 2 0
-0.506 0.050 0.990 0.300 1 0 3 0 64 -999999 999999 0 1 4 -999999 999999 0 1000 2 0 0 0 7 2 0
-0.506 0.050 0.990 0.400 1 0 3 0 64 -999999 999999 0 1 4 -999999 999999 0 1000 2 0 0 0 7 2 0
2.316 0.050 0.990 0.500 1 0 3 0 64 -999999 999999 0 1 4 -999999 999999 0 1000 2 0 0 0 7 2 0
2.795 0.050 0.990 0.600 1 0 3 0 64 -999999 999999 0 1 4 -999999 999999 0 1000 2 0 0 0 7 2 0
-0.506 0.100 0.990 0.050 1 0 3 0 64 -999999 999999 0 1 4 -999999 999999 0 1000 2 0 0 0 7 2 0
-0.506 0.100 0.990 0.100 1 0 3 0 64 -999999 999999 0 1 4 -999999 999999 0 1000 2 0 0 0 7 2 0
-0.506 0.100 0.990 0.200 1 0 3 0 64 -999999 999999 0 1 4 -999999 999999 0 1000 2 0 0 0 7 2 0
-0.506 0.100 0.990 0.300 1 0 3 0 64 -999999 999999 0 1 4 -999999 999999 0 1000 2 0 0 0 7 2 0
-0.506 0.100 0.990 0.400 1 0 3 0 64 -999999 999999 0 1 4 -999999 999999 0 1000 2 0 0 0 7 2 0
0.985 0.100 0.990 0.500 1 0 3 0 64 -999999 999999 0 1 4 -999999 999999 0 1000 2 0 0 0 7 2 0
1.624 0.100 0.990 0.600 1 0 3 0 64 -999999 999999 0 1 4 -999999 999999 0 1000 2 0 0 0 7 2 0
-0.506 0.300 0.990 0.050 1 0 3 0 64 -999999 999999 0 1 4 -999999 999999 0 1000 2 0 0 0 7 2 0
-0.506 0.300 0.990 0.100 1 0 3 0 64 -999999 999999 0 1 4 -999999 999999 0 1000 2 0 0 0 7 2 0
-0.506 0.300 0.990 0.200 1 0 3 0 64 -999999 999999 0 1 4 -999999 999999 0 1000 2 0 0 0 7 2 0
-0.506 0.300 0.990 0.300 1 0 3 0 64 -999999 999999 0 1 4 -999999 999999 0 1000 2 0 0 0 7 2 0
-0.506 0.300 0.990 0.400 1 0 3 0 64 -999999 999999 0 1 4 -999999 999999 0 1000 2 0 0 0 7 2 0
0.293 0.300 0.990 0.500 1 0 3 0 64 -999999 999999 0 1 4 -999999 999999 0 1000 2 0 0 0 7 2 0
0.293 0.300 0.990 0.600 1 0 3 0 64 -999999 999999 0 1 4 -999999 999999 0 1000 2 0 0 0 7 2 0
-0.506 0.500 0.990 0.050 1 0 3 0 64 -999999 999999 0 1 4 -999999 999999 0 1000 2 0 0 0 7 2 0
-0.506 0.500 0.990 0.100 1 0 3 0 64 -999999 999999 0 1 4 -999999 999999 0 1000 2 0 0 0 7 2 0
-0.506 0.500 0.990 0.200 1 0 3 0 64 -999999 999999 0 1 4 -999999 999999 0 1000 2 0 0 0 7 2 0
-0.506 0.500 0.990 0.300 1 0 3 0 64 -999999 999999 0 1 4 -999999 999999 0 1000 2 0 0 0 7 2 0
-0.506 0.500 0.990 0.400 1 0 3 0 64 -999999 999999 0 1 4 -999999 999999 0 1000 2 0 0 0 7 2 0
-0.506 0.500 0.990 0.500 1 0 3 0 64 -999999 999999 0 1 4 -999999 999999 0 1000 2 0 0 0 7 2 0
0.399 0.500 0.990 0.600 1 0 3 0 64 -999999 999999 0 1 4 -999999 999999 0 1000 2 0 0 0 7 2 0