-0.999 0.010 0.990 0.050 1 0 3 0 16 -999999 999999 0 1 4 -999999 999999 0 1000 2 0 0 0 7 2 0
-0.947 0.010 0.990 0.100 1 0 3 0 16 -999999 999999 0 1 4 -999999 999999 0 1000 2 0 0 0 7 2 0
-0.740 0.010 0.990 0.200 1 0 3 0 16 -999999 999999 0 1 4 -999999 999999 0 1000 2 0 0 0 7 2 0
-0.688 0.010 0.990 0.300 1 0 3 0 16 -999999 999999 0 1 4 -999999 999999 0 1000 2 0 0 0 7 2 0
-0.533 0.010 0.990 0.400 1 0 3 0 16 -999999 999999 0 1 4 -999999 999999 0 1000 2 0 0 0 7 2 0
-0.377 0.010 0.990 0.500 1 0 3 0 16 -999999 999999 0 1 4 -999999 999999 0 1000 2 0 0 0 7 2 0
-0.636 0.010 0.990 0.600 1 0 3 0 16 -999999 999999 0 1 4 -999999 999999 0 1000 2 0 0 0 7 2 0
-0.999 0.020 0.990 0.050 1 0 3 0 16 -999999 999999 0 1 4 -999999 999999 0 1000 2 0 0 0 7 2 0
-0.999 0.020 0.990 0.100 1 0 3 0 16 -999999 999999 0 1 4 -999999 999999 0 1000 2 0 0 0 7 2 0
-0.533 0.020 0.990 0.200 1 0 3 0 16 -999999 999999 0 1 4 -999999 999999 0 1000 2 0 0 0 7 2 0
-0.377 0.020 0.990 0.300 1 0 3 0 16 -999999 999999 0 1 4 -999999 999999 0 1000 2 0 0 0 7 2 0
0.089 0.020 0.990 0.400 1 0 3 0 16 -999999 999999 0 1 4 -999999 999999 0 1000 2 0 0 0 7 2 0
0.141 0.020 0.990 0.500 1 0 3 0 16 -999999 999999 0 1 4 -999999 999999 0 1000 2 0 0 0 7 2 0
-0.429 0.020 0.990 0.600 1 0 3 0 16 -999999 999999 0 1 4 -999999 999999 0 1000 2 0 0 0 7 2 0
-0.999 0.050 0.990 0.050 1 0 3 0 16 -999999 999999 0 1 4 -999999 999999 0 1000 2 0 0 0 7 2 0
-0.999 0.050 0.990 0.100 1 0 3 0 16 -999999 999999 0 1 4 -999999 999999 0 1000 2 0 0 0 7 2 0
1.643 0.050 0.990 0.200 1 0 3 0 16 -999999 999999 0 1 4 -999999 999999 0 1000 2 0 0 0 7 2 0
1.902 0.050 0.990 0.300 1 0 3 0 16 -999999 999999 0 1 4 -999999 999999 0 1000 2 0 0 0 7 2 0
1.695 0.050 0.990 0.400 1 0 3 0 16 -999999 999999 0 1 4 -999999 999999 0 1000 2 0 0 0 7 2 0
1.488 0.050 0.990 0.500 1 0 3 0 16 -999999 999999 0 1 4 -999999 999999 0 1000 2 0 0 0 7 2 0
1.436 0.050 0.990 0.600 1 0 3 0 16 -999999 999999 0 1 4 -999999 999999 0 1000 2 0 0 0 7 2 0
-0.999 0.100 0.990 0.050 1 0 3 0 16 -999999 999999 0 1 4 -999999 999999 0 1000 2 0 0 0 7 2 0
-0.999 0.100 0.990 0.100 1 0 3 0 16 -999999 999999 0 1 4 -999999 999999 0 1000 2 0 0 0 7 2 0
0.555 0.100 0.990 0.200 1 0 3 0 16 -999999 999999 0 1 4 -999999 999999 0 1000 2 0 0 0 7 2 0
2.524 0.100 0.990 0.300 1 0 3 0 16 -999999 999999 0 1 4 -999999 999999 0 1000 2 0 0 0 7 2 0
1.798 0.100 0.990 0.400 1 0 3 0 16 -999999 999999 0 1 4 -999999 999999 0 1000 2 0 0 0 7 2 0
0.400 0.100 0.990 0.500 1 0 3 0 16 -999999 999999 0 1 4 -999999 999999 0 1000 2 0 0 0 7 2 0
1.073 0.100 0.990 0.600 1 0 3 0 16 -999999 999999 0 1 4 -999999 999999 0 1000 2 0 0 0 7 2 0
-0.999 0.300 0.990 0.050 1 0 3 0 16 -999999 999999 0 1 4 -999999 999999 0 1000 2 0 0 0 7 2 0
-0.999 0.300 0.990 0.100 1 0 3 0 16 -999999 999999 0 1 4 -999999 999999 0 1000 2 0 0 0 7 2 0
0.089 0.300 0.990 0.200 1 0 3 0 16 -999999 999999 0 1 4 -999999 999999 0 1000 2 0 0 0 7 2 0
1.021 0.300 0.990 0.300 1 0 3 0 16 -999999 999999 0 1 4 -999999 999999 0 1000 2 0 0 0 7 2 0
0.866 0.300 0.990 0.400 1 0 3 0 16 -999999 999999 0 1 4 -999999 999999 0 1000 2 0 0 0 7 2 0
0.296 0.300 0.990 0.500 1 0 3 0 16 -999999 999999 0 1 4 -999999 999999 0 1000 2 0 0 0 7 2 0
-0.015 0.300 0.990 0.600 1 0 3 0 16 -999999 999999 0 1 4 -999999 999999 0 1000 2 0 0 0 7 2 0
-0.999 0.500 0.990 0.050 1 0 3 0 16 -999999 999999 0 1 4 -999999 999999 0 1000 2 0 0 0 7 2 0
-0.999 0.500 0.990 0.100 1 0 3 0 16 -999999 999999 0 1 4 -999999 999999 0 1000 2 0 0 0 7 2 0
0.555 0.500 0.990 0.200 1 0 3 0 16 -999999 999999 0 1 4 -999999 999999 0 1000 2 0 0 0 7 2 0
-0.585 0.500 0.990 0.300 1 0 3 0 16 -999999 999999 0 1 4 -999999 999999 0 1000 2 0 0 0 7 2 0
-0.636 0.500 0.990 0.400 1 0 3 0 16 -999999 999999 0 1 4 -999999 999999 0 1000 2 0 0 0 7 2 0
-0.067 0.500 0.990 0.500 1 0 3 0 16 -999999 999999 0 1 4 -999999 999999 0 1000 2 0 0 0 7 2 0
-0.015 0.500 0.990 0.600 1 0 3 0 16 -999999 999999 0 1 4 -999999 999999 0 1000 2 0 0 0 7 2 0