0.0 0.062 0.983 0.54 1 0 3 0 64 -999999 999999 0 1 4 -999999 999999 0 1000 2 0 0 0 7 2 0
0.0 0.001 0.862 0.286 1 0 3 0 64 -999999 999999 0 1 4 -999999 999999 0 1000 2 0 0 0 7 2 0
0.0 0.066 0.968 0.001 1 0 3 0 64 -999999 999999 0 1 4 -999999 999999 0 1000 2 0 0 0 7 2 0
0.0 0.054 0.849 0.119 1 0 3 0 64 -999999 999999 0 1 4 -999999 999999 0 1000 2 0 0 0 7 2 0
0.0 0.16 0.977 0.246 1 0 3 0 64 -999999 999999 0 1 4 -999999 999999 0 1000 2 0 0 0 7 2 0
0.0 0.032 0.956 0.169 1 0 3 0 64 -999999 999999 0 1 4 -999999 999999 0 1000 2 0 0 0 7 2 0
0.0 0.0 0.997 0.083 1 0 3 0 64 -999999 999999 0 1 4 -999999 999999 0 1000 2 0 0 0 7 2 0
0.0 0.04 0.924 0.501 1 0 3 0 64 -999999 999999 0 1 4 -999999 999999 0 1000 2 0 0 0 7 2 0
0.0 0.007 0.737 0.151 1 0 3 0 64 -999999 999999 0 1 4 -999999 999999 0 1000 2 0 0 0 7 2 0
0.0 0.034 0.539 0.283 1 0 3 0 64 -999999 999999 0 1 4 -999999 999999 0 1000 2 0 0 0 7 2 0
0.0 0.009 0.96 0.129 1 0 3 0 64 -999999 999999 0 1 4 -999999 999999 0 1000 2 0 0 0 7 2 0
0.0 0.0 0.954 0.006 1 0 3 0 64 -999999 999999 0 1 4 -999999 999999 0 1000 2 0 0 0 7 2 0
0.0 0.559 0.706 0.078 1 0 3 0 64 -999999 999999 0 1 4 -999999 999999 0 1000 2 0 0 0 7 2 0
0.0 0.031 0.971 0.142 1 0 3 0 64 -999999 999999 0 1 4 -999999 999999 0 1000 2 0 0 0 7 2 0
0.0 0.054 0.652 0.496 1 0 3 0 64 -999999 999999 0 1 4 -999999 999999 0 1000 2 0 0 0 7 2 0
0.0 0.468 0.852 0.001 1 0 3 0 64 -999999 999999 0 1 4 -999999 999999 0 1000 2 0 0 0 7 2 0
0.0 0.002 0.998 0.049 1 0 3 0 64 -999999 999999 0 1 4 -999999 999999 0 1000 2 0 0 0 7 2 0
0.0 0.425 0.983 0.375 1 0 3 0 64 -999999 999999 0 1 4 -999999 999999 0 1000 2 0 0 0 7 2 0
0.0 0.485 0.978 0.048 1 0 3 0 64 -999999 999999 0 1 4 -999999 999999 0 1000 2 0 0 0 7 2 0
0.0 0.458 0.965 0.168 1 0 3 0 64 -999999 999999 0 1 4 -999999 999999 0 1000 2 0 0 0 7 2 0
0.0 0.295 0.946 0.385 1 0 3 0 64 -999999 999999 0 1 4 -999999 999999 0 1000 2 0 0 0 7 2 0
0.0 0.328 0.93 0.338 1 0 3 0 64 -999999 999999 0 1 4 -999999 999999 0 1000 2 0 0 0 7 2 0
0.0 0.022 0.995 0.249 1 0 3 0 64 -999999 999999 0 1 4 -999999 999999 0 1000 2 0 0 0 7 2 0
0.0 0.171 0.905 0.263 1 0 3 0 64 -999999 999999 0 1 4 -999999 999999 0 1000 2 0 0 0 7 2 0
0.0 0.144 0.393 0.527 1 0 3 0 64 -999999 999999 0 1 4 -999999 999999 0 1000 2 0 0 0 7 2 0
0.0 0.024 0.977 0.261 1 0 3 0 64 -999999 999999 0 1 4 -999999 999999 0 1000 2 0 0 0 7 2 0
0.0 0.093 0.934 0.514 1 0 3 0 64 -999999 999999 0 1 4 -999999 999999 0 1000 2 0 0 0 7 2 0
0.0 0.028 0.763 0.304 1 0 3 0 64 -999999 999999 0 1 4 -999999 999999 0 1000 2 0 0 0 7 2 0
0.0 0.691 0.989 0.036 1 0 3 0 64 -999999 999999 0 1 4 -999999 999999 0 1000 2 0 0 0 7 2 0
0.0 0.01 1.0 0.001 1 0 3 0 64 -999999 999999 0 1 4 -999999 999999 0 1000 2 0 0 0 7 2 0
0.0 0.041 0.878 0.263 1 0 3 0 64 -999999 999999 0 1 4 -999999 999999 0 1000 2 0 0 0 7 2 0
0.0 0.529 0.962 0.327 1 0 3 0 64 -999999 999999 0 1 4 -999999 999999 0 1000 2 0 0 0 7 2 0
0.0 0.618 0.764 0.573 1 0 3 0 64 -999999 999999 0 1 4 -999999 999999 0 1000 2 0 0 0 7 2 0
0.0 0.012 0.962 0.06 1 0 3 0 64 -999999 999999 0 1 4 -999999 999999 0 1000 2 0 0 0 7 2 0
0.0 0.001 0.953 0.126 1 0 3 0 64 -999999 999999 0 1 4 -999999 999999 0 1000 2 0 0 0 7 2 0
0.0 0.015 0.984 0.219 1 0 3 0 64 -999999 999999 0 1 4 -999999 999999 0 1000 2 0 0 0 7 2 0
0.022 0.001 0.892 0.584 1 0 3 0 64 -999999 999999 0 1 4 -999999 999999 0 1000 2 0 0 0 7 2 0
0.0 0.025 0.79 0.087 1 0 3 0 64 -999999 999999 0 1 4 -999999 999999 0 1000 2 0 0 0 7 2 0
0.0 0.051 0.778 0.119 1 0 3 0 64 -999999 999999 0 1 4 -999999 999999 0 1000 2 0 0 0 7 2 0
0.0 0.327 0.943 0.488 1 0 3 0 64 -999999 999999 0 1 4 -999999 999999 0 1000 2 0 0 0 7 2 0
0.0 0.247 0.983 0.004 1 0 3 0 64 -999999 999999 0 1 4 -999999 999999 0 1000 2 0 0 0 7 2 0
0.0 0.058 0.999 0.043 1 0 3 0 64 -999999 999999 0 1 4 -999999 999999 0 1000 2 0 0 0 7 2 0
0.0 0.007 0.824 0.525 1 0 3 0 64 -999999 999999 0 1 4 -999999 999999 0 1000 2 0 0 0 7 2 0
0.108 0.172 0.955 0.748 1 0 3 0 64 -999999 999999 0 1 4 -999999 999999 0 1000 2 0 0 0 7 2 0
0.0 0.007 0.767 0.164 1 0 3 0 64 -999999 999999 0 1 4 -999999 999999 0 1000 2 0 0 0 7 2 0
0.0 0.005 0.563 0.053 1 0 3 0 64 -999999 999999 0 1 4 -999999 999999 0 1000 2 0 0 0 7 2 0
0.0 0.023 0.896 0.236 1 0 3 0 64 -999999 999999 0 1 4 -999999 999999 0 1000 2 0 0 0 7 2 0
0.0 0.022 0.977 0.172 1 0 3 0 64 -999999 999999 0 1 4 -999999 999999 0 1000 2 0 0 0 7 2 0
0.0 0.0 0.997 0.659 1 0 3 0 64 -999999 999999 0 1 4 -999999 999999 0 1000 2 0 0 0 7 2 0
0.0 0.057 0.885 0.081 1 0 3 0 64 -999999 999999 0 1 4 -999999 999999 0 1000 2 0 0 0 7 2 0
0.0 0.622 0.969 0.059 1 0 3 0 64 -999999 999999 0 1 4 -999999 999999 0 1000 2 0 0 0 7 2 0
0.0 0.401 0.705 0.163 1 0 3 0 64 -999999 999999 0 1 4 -999999 999999 0 1000 2 0 0 0 7 2 0
0.0 0.052 1.0 0.047 1 0 3 0 64 -999999 999999 0 1 4 -999999 999999 0 1000 2 0 0 0 7 2 0
0.0 0.127 0.995 0.042 1 0 3 0 64 -999999 999999 0 1 4 -999999 999999 0 1000 2 0 0 0 7 2 0
0.0 0.072 0.968 0.26 1 0 3 0 64 -999999 999999 0 1 4 -999999 999999 0 1000 2 0 0 0 7 2 0
0.0 0.019 0.924 0.022 1 0 3 0 64 -999999 999999 0 1 4 -999999 999999 0 1000 2 0 0 0 7 2 0
0.0 0.065 0.828 0.309 1 0 3 0 64 -999999 999999 0 1 4 -999999 999999 0 1000 2 0 0 0 7 2 0
0.0 0.343 0.984 0.216 1 0 3 0 64 -999999 999999 0 1 4 -999999 999999 0 1000 2 0 0 0 7 2 0
0.0 0.031 0.918 0.045 1 0 3 0 64 -999999 999999 0 1 4 -999999 999999 0 1000 2 0 0 0 7 2 0
0.0 0.292 0.49 0.099 1 0 3 0 64 -999999 999999 0 1 4 -999999 999999 0 1000 2 0 0 0 7 2 0
0.0 0.008 1.0 0.19 1 0 3 0 64 -999999 999999 0 1 4 -999999 999999 0 1000 2 0 0 0 7 2 0
0.0 0.0 0.804 0.137 1 0 3 0 64 -999999 999999 0 1 4 -999999 999999 0 1000 2 0 0 0 7 2 0
0.0 0.0 0.786 0.0 1 0 3 0 64 -999999 999999 0 1 4 -999999 999999 0 1000 2 0 0 0 7 2 0
0.0 0.006 0.87 0.302 1 0 3 0 64 -999999 999999 0 1 4 -999999 999999 0 1000 2 0 0 0 7 2 0
0.0 0.217 0.944 0.123 1 0 3 0 64 -999999 999999 0 1 4 -999999 999999 0 1000 2 0 0 0 7 2 0
0.0 0.094 0.939 0.224 1 0 3 0 64 -999999 999999 0 1 4 -999999 999999 0 1000 2 0 0 0 7 2 0
0.0 0.014 0.779 0.238 1 0 3 0 64 -999999 999999 0 1 4 -999999 999999 0 1000 2 0 0 0 7 2 0
0.0 0.021 0.961 0.006 1 0 3 0 64 -999999 999999 0 1 4 -999999 999999 0 1000 2 0 0 0 7 2 0
0.0 0.42 0.679 0.002 1 0 3 0 64 -999999 999999 0 1 4 -999999 999999 0 1000 2 0 0 0 7 2 0
0.0 0.378 0.932 0.411 1 0 3 0 64 -999999 999999 0 1 4 -999999 999999 0 1000 2 0 0 0 7 2 0
0.0 0.019 0.907 0.264 1 0 3 0 64 -999999 999999 0 1 4 -999999 999999 0 1000 2 0 0 0 7 2 0
0.0 0.596 0.999 0.007 1 0 3 0 64 -999999 999999 0 1 4 -999999 999999 0 1000 2 0 0 0 7 2 0
0.0 0.003 0.965 0.026 1 0 3 0 64 -999999 999999 0 1 4 -999999 999999 0 1000 2 0 0 0 7 2 0
0.0 0.0 0.992 0.288 1 0 3 0 64 -999999 999999 0 1 4 -999999 999999 0 1000 2 0 0 0 7 2 0
0.0 0.013 0.998 0.345 1 0 3 0 64 -999999 999999 0 1 4 -999999 999999 0 1000 2 0 0 0 7 2 0
0.0 0.059 0.899 0.003 1 0 3 0 64 -999999 999999 0 1 4 -999999 999999 0 1000 2 0 0 0 7 2 0
0.0 0.331 0.969 0.004 1 0 3 0 64 -999999 999999 0 1 4 -999999 999999 0 1000 2 0 0 0 7 2 0
0.0 0.069 0.783 0.019 1 0 3 0 64 -999999 999999 0 1 4 -999999 999999 0 1000 2 0 0 0 7 2 0
0.0 0.194 0.727 0.46 1 0 3 0 64 -999999 999999 0 1 4 -999999 999999 0 1000 2 0 0 0 7 2 0
0.0 0.212 0.97 0.393 1 0 3 0 64 -999999 999999 0 1 4 -999999 999999 0 1000 2 0 0 0 7 2 0
0.0 0.001 0.779 0.442 1 0 3 0 64 -999999 999999 0 1 4 -999999 999999 0 1000 2 0 0 0 7 2 0
0.0 0.165 0.981 0.19 1 0 3 0 64 -999999 999999 0 1 4 -999999 999999 0 1000 2 0 0 0 7 2 0
0.0 0.497 0.883 0.003 1 0 3 0 64 -999999 999999 0 1 4 -999999 999999 0 1000 2 0 0 0 7 2 0
0.0 0.004 0.68 0.333 1 0 3 0 64 -999999 999999 0 1 4 -999999 999999 0 1000 2 0 0 0 7 2 0
0.4019999999999999 0.019 0.927 0.647 1 0 3 0 64 -999999 999999 0 1 4 -999999 999999 0 1000 2 0 0 0 7 2 0
0.0 0.037 0.994 0.363 1 0 3 0 64 -999999 999999 0 1 4 -999999 999999 0 1000 2 0 0 0 7 2 0
0.0 0.011 0.997 0.101 1 0 3 0 64 -999999 999999 0 1 4 -999999 999999 0 1000 2 0 0 0 7 2 0
0.0 0.154 0.966 0.108 1 0 3 0 64 -999999 999999 0 1 4 -999999 999999 0 1000 2 0 0 0 7 2 0
0.0 0.184 0.999 0.392 1 0 3 0 64 -999999 999999 0 1 4 -999999 999999 0 1000 2 0 0 0 7 2 0
0.0 0.178 0.94 0.382 1 0 3 0 64 -999999 999999 0 1 4 -999999 999999 0 1000 2 0 0 0 7 2 0
0.0 0.197 0.892 0.382 1 0 3 0 64 -999999 999999 0 1 4 -999999 999999 0 1000 2 0 0 0 7 2 0
0.0 0.305 0.988 0.398 1 0 3 0 64 -999999 999999 0 1 4 -999999 999999 0 1000 2 0 0 0 7 2 0
0.0 0.132 0.907 0.413 1 0 3 0 64 -999999 999999 0 1 4 -999999 999999 0 1000 2 0 0 0 7 2 0
0.0 0.026 0.831 0.185 1 0 3 0 64 -999999 999999 0 1 4 -999999 999999 0 1000 2 0 0 0 7 2 0
0.0 0.04 0.86 0.122 1 0 3 0 64 -999999 999999 0 1 4 -999999 999999 0 1000 2 0 0 0 7 2 0
0.0 0.141 0.999 0.045 1 0 3 0 64 -999999 999999 0 1 4 -999999 999999 0 1000 2 0 0 0 7 2 0
0.0 0.0 0.864 0.521 1 0 3 0 64 -999999 999999 0 1 4 -999999 999999 0 1000 2 0 0 0 7 2 0
0.235 0.373 0.947 0.496 1 0 3 0 64 -999999 999999 0 1 4 -999999 999999 0 1000 2 0 0 0 7 2 0
0.0 0.379 0.751 0.105 1 0 3 0 64 -999999 999999 0 1 4 -999999 999999 0 1000 2 0 0 0 7 2 0
0.557 0.282 0.997 0.664 1 0 3 0 64 -999999 999999 0 1 4 -999999 999999 0 1000 2 0 0 0 7 2 0
0.181 0.13 0.882 0.596 1 0 3 0 64 -999999 999999 0 1 4 -999999 999999 0 1000 2 0 0 0 7 2 0
0.0 0.022 0.997 0.45 1 0 3 0 64 -999999 999999 0 1 4 -999999 999999 0 1000 2 0 0 0 7 2 0
0.0 0.435 0.991 0.047 1 0 3 0 64 -999999 999999 0 1 4 -999999 999999 0 1000 2 0 0 0 7 2 0
0.0 0.006 0.949 0.231 1 0 3 0 64 -999999 999999 0 1 4 -999999 999999 0 1000 2 0 0 0 7 2 0
0.0 0.188 0.959 0.158 1 0 3 0 64 -999999 999999 0 1 4 -999999 999999 0 1000 2 0 0 0 7 2 0
0.0 0.284 0.992 0.011 1 0 3 0 64 -999999 999999 0 1 4 -999999 999999 0 1000 2 0 0 0 7 2 0
0.0 0.06 0.997 0.414 1 0 3 0 64 -999999 999999 0 1 4 -999999 999999 0 1000 2 0 0 0 7 2 0
0.0 0.414 0.754 0.007 1 0 3 0 64 -999999 999999 0 1 4 -999999 999999 0 1000 2 0 0 0 7 2 0
0.0 0.094 0.943 0.003 1 0 3 0 64 -999999 999999 0 1 4 -999999 999999 0 1000 2 0 0 0 7 2 0
0.0 0.16 0.938 0.063 1 0 3 0 64 -999999 999999 0 1 4 -999999 999999 0 1000 2 0 0 0 7 2 0
0.0 0.009 0.76 0.068 1 0 3 0 64 -999999 999999 0 1 4 -999999 999999 0 1000 2 0 0 0 7 2 0
0.0 0.066 0.998 0.015 1 0 3 0 64 -999999 999999 0 1 4 -999999 999999 0 1000 2 0 0 0 7 2 0
0.0 0.019 0.998 0.222 1 0 3 0 64 -999999 999999 0 1 4 -999999 999999 0 1000 2 0 0 0 7 2 0
0.0 0.019 0.999 0.496 1 0 3 0 64 -999999 999999 0 1 4 -999999 999999 0 1000 2 0 0 0 7 2 0
0.0 0.004 0.962 0.013 1 0 3 0 64 -999999 999999 0 1 4 -999999 999999 0 1000 2 0 0 0 7 2 0
0.0 0.022 0.952 0.076 1 0 3 0 64 -999999 999999 0 1 4 -999999 999999 0 1000 2 0 0 0 7 2 0
0.0 0.38 0.461 0.061 1 0 3 0 64 -999999 999999 0 1 4 -999999 999999 0 1000 2 0 0 0 7 2 0
0.0 0.018 0.997 0.256 1 0 3 0 64 -999999 999999 0 1 4 -999999 999999 0 1000 2 0 0 0 7 2 0
0.0 0.165 0.556 0.45 1 0 3 0 64 -999999 999999 0 1 4 -999999 999999 0 1000 2 0 0 0 7 2 0
0.0 0.188 0.976 0.386 1 0 3 0 64 -999999 999999 0 1 4 -999999 999999 0 1000 2 0 0 0 7 2 0
0.0 0.052 0.997 0.228 1 0 3 0 64 -999999 999999 0 1 4 -999999 999999 0 1000 2 0 0 0 7 2 0
0.0 0.244 0.852 0.327 1 0 3 0 64 -999999 999999 0 1 4 -999999 999999 0 1000 2 0 0 0 7 2 0
0.0 0.001 0.997 0.005 1 0 3 0 64 -999999 999999 0 1 4 -999999 999999 0 1000 2 0 0 0 7 2 0
0.0 0.046 0.937 0.559 1 0 3 0 64 -999999 999999 0 1 4 -999999 999999 0 1000 2 0 0 0 7 2 0
0.0 0.024 0.978 0.19 1 0 3 0 64 -999999 999999 0 1 4 -999999 999999 0 1000 2 0 0 0 7 2 0
0.0 0.503 0.98 0.202 1 0 3 0 64 -999999 999999 0 1 4 -999999 999999 0 1000 2 0 0 0 7 2 0
0.045 0.028 0.964 0.717 1 0 3 0 64 -999999 999999 0 1 4 -999999 999999 0 1000 2 0 0 0 7 2 0
0.0 0.038 0.872 0.564 1 0 3 0 64 -999999 999999 0 1 4 -999999 999999 0 1000 2 0 0 0 7 2 0
0.0 0.053 0.925 0.124 1 0 3 0 64 -999999 999999 0 1 4 -999999 999999 0 1000 2 0 0 0 7 2 0
0.079 0.09 0.961 0.53 1 0 3 0 64 -999999 999999 0 1 4 -999999 999999 0 1000 2 0 0 0 7 2 0
0.0 0.768 0.899 0.001 1 0 3 0 64 -999999 999999 0 1 4 -999999 999999 0 1000 2 0 0 0 7 2 0
0.0 0.503 0.997 0.085 1 0 3 0 64 -999999 999999 0 1 4 -999999 999999 0 1000 2 0 0 0 7 2 0
0.051 0.561 0.938 0.779 1 0 3 0 64 -999999 999999 0 1 4 -999999 999999 0 1000 2 0 0 0 7 2 0
0.0 0.108 0.646 0.299 1 0 3 0 64 -999999 999999 0 1 4 -999999 999999 0 1000 2 0 0 0 7 2 0
0.0 0.762 0.917 0.287 1 0 3 0 64 -999999 999999 0 1 4 -999999 999999 0 1000 2 0 0 0 7 2 0
0.0 0.034 0.818 0.374 1 0 3 0 64 -999999 999999 0 1 4 -999999 999999 0 1000 2 0 0 0 7 2 0
0.0 0.048 0.81 0.011 1 0 3 0 64 -999999 999999 0 1 4 -999999 999999 0 1000 2 0 0 0 7 2 0
0.0 0.429 0.939 0.092 1 0 3 0 64 -999999 999999 0 1 4 -999999 999999 0 1000 2 0 0 0 7 2 0
0.0 0.014 0.998 0.413 1 0 3 0 64 -999999 999999 0 1 4 -999999 999999 0 1000 2 0 0 0 7 2 0
0.0 0.17 0.999 0.182 1 0 3 0 64 -999999 999999 0 1 4 -999999 999999 0 1000 2 0 0 0 7 2 0
0.0 0.012 0.905 0.148 1 0 3 0 64 -999999 999999 0 1 4 -999999 999999 0 1000 2 0 0 0 7 2 0
0.0 0.083 0.891 0.032 1 0 3 0 64 -999999 999999 0 1 4 -999999 999999 0 1000 2 0 0 0 7 2 0
0.0 0.061 0.81 0.227 1 0 3 0 64 -999999 999999 0 1 4 -999999 999999 0 1000 2 0 0 0 7 2 0
0.0 0.012 1.0 0.211 1 0 3 0 64 -999999 999999 0 1 4 -999999 999999 0 1000 2 0 0 0 7 2 0
0.0 0.001 0.99 0.098 1 0 3 0 64 -999999 999999 0 1 4 -999999 999999 0 1000 2 0 0 0 7 2 0
0.0 0.033 1.0 0.399 1 0 3 0 64 -999999 999999 0 1 4 -999999 999999 0 1000 2 0 0 0 7 2 0
0.0 0.093 0.947 0.027 1 0 3 0 64 -999999 999999 0 1 4 -999999 999999 0 1000 2 0 0 0 7 2 0
0.0 0.651 0.999 0.103 1 0 3 0 64 -999999 999999 0 1 4 -999999 999999 0 1000 2 0 0 0 7 2 0
0.0 0.031 0.915 0.047 1 0 3 0 64 -999999 999999 0 1 4 -999999 999999 0 1000 2 0 0 0 7 2 0
0.0 0.0 0.874 0.117 1 0 3 0 64 -999999 999999 0 1 4 -999999 999999 0 1000 2 0 0 0 7 2 0
0.0 0.01 0.965 0.015 1 0 3 0 64 -999999 999999 0 1 4 -999999 999999 0 1000 2 0 0 0 7 2 0
0.0 0.171 0.944 0.023 1 0 3 0 64 -999999 999999 0 1 4 -999999 999999 0 1000 2 0 0 0 7 2 0
0.0 0.16 0.852 0.1 1 0 3 0 64 -999999 999999 0 1 4 -999999 999999 0 1000 2 0 0 0 7 2 0
0.0 0.062 0.997 0.016 1 0 3 0 64 -999999 999999 0 1 4 -999999 999999 0 1000 2 0 0 0 7 2 0
0.0 0.024 0.933 0.227 1 0 3 0 64 -999999 999999 0 1 4 -999999 999999 0 1000 2 0 0 0 7 2 0
0.0 0.216 0.937 0.22 1 0 3 0 64 -999999 999999 0 1 4 -999999 999999 0 1000 2 0 0 0 7 2 0
0.0 0.137 0.888 0.158 1 0 3 0 64 -999999 999999 0 1 4 -999999 999999 0 1000 2 0 0 0 7 2 0
0.0 0.131 0.875 0.2 1 0 3 0 64 -999999 999999 0 1 4 -999999 999999 0 1000 2 0 0 0 7 2 0
0.0 0.006 0.972 0.076 1 0 3 0 64 -999999 999999 0 1 4 -999999 999999 0 1000 2 0 0 0 7 2 0
0.0 0.194 0.982 0.191 1 0 3 0 64 -999999 999999 0 1 4 -999999 999999 0 1000 2 0 0 0 7 2 0
0.0 0.115 0.936 0.184 1 0 3 0 64 -999999 999999 0 1 4 -999999 999999 0 1000 2 0 0 0 7 2 0
0.0 0.264 0.92 0.063 1 0 3 0 64 -999999 999999 0 1 4 -999999 999999 0 1000 2 0 0 0 7 2 0
0.0 0.111 0.98 0.237 1 0 3 0 64 -999999 999999 0 1 4 -999999 999999 0 1000 2 0 0 0 7 2 0
0.0 0.007 0.998 0.151 1 0 3 0 64 -999999 999999 0 1 4 -999999 999999 0 1000 2 0 0 0 7 2 0
0.0 0.002 0.975 0.069 1 0 3 0 64 -999999 999999 0 1 4 -999999 999999 0 1000 2 0 0 0 7 2 0
0.0 0.121 0.927 0.316 1 0 3 0 64 -999999 999999 0 1 4 -999999 999999 0 1000 2 0 0 0 7 2 0
0.0 0.003 0.9 0.053 1 0 3 0 64 -999999 999999 0 1 4 -999999 999999 0 1000 2 0 0 0 7 2 0
0.0 0.019 0.998 0.412 1 0 3 0 64 -999999 999999 0 1 4 -999999 999999 0 1000 2 0 0 0 7 2 0
0.0 0.031 0.99 0.108 1 0 3 0 64 -999999 999999 0 1 4 -999999 999999 0 1000 2 0 0 0 7 2 0
0.0 0.043 0.998 0.39 1 0 3 0 64 -999999 999999 0 1 4 -999999 999999 0 1000 2 0 0 0 7 2 0
0.0 0.052 0.998 0.166 1 0 3 0 64 -999999 999999 0 1 4 -999999 999999 0 1000 2 0 0 0 7 2 0
0.0 0.549 0.948 0.014 1 0 3 0 64 -999999 999999 0 1 4 -999999 999999 0 1000 2 0 0 0 7 2 0
0.0 0.03 0.691 0.363 1 0 3 0 64 -999999 999999 0 1 4 -999999 999999 0 1000 2 0 0 0 7 2 0
0.0 0.411 0.988 0.193 1 0 3 0 64 -999999 999999 0 1 4 -999999 999999 0 1000 2 0 0 0 7 2 0
0.0 0.022 0.969 0.101 1 0 3 0 64 -999999 999999 0 1 4 -999999 999999 0 1000 2 0 0 0 7 2 0
0.0 0.502 0.601 0.349 1 0 3 0 64 -999999 999999 0 1 4 -999999 999999 0 1000 2 0 0 0 7 2 0
0.0 0.0 0.804 0.174 1 0 3 0 64 -999999 999999 0 1 4 -999999 999999 0 1000 2 0 0 0 7 2 0
0.0 0.0 0.874 0.364 1 0 3 0 64 -999999 999999 0 1 4 -999999 999999 0 1000 2 0 0 0 7 2 0
0.0 0.355 0.962 0.006 1 0 3 0 64 -999999 999999 0 1 4 -999999 999999 0 1000 2 0 0 0 7 2 0
0.0 0.097 0.997 0.634 1 0 3 0 64 -999999 999999 0 1 4 -999999 999999 0 1000 2 0 0 0 7 2 0
0.0 0.092 0.989 0.33 1 0 3 0 64 -999999 999999 0 1 4 -999999 999999 0 1000 2 0 0 0 7 2 0
0.0 0.493 0.739 0.178 1 0 3 0 64 -999999 999999 0 1 4 -999999 999999 0 1000 2 0 0 0 7 2 0
0.0 0.219 0.963 0.37 1 0 3 0 64 -999999 999999 0 1 4 -999999 999999 0 1000 2 0 0 0 7 2 0
0.0 0.12 0.84 0.05 1 0 3 0 64 -999999 999999 0 1 4 -999999 999999 0 1000 2 0 0 0 7 2 0
0.0 0.24 0.92 0.058 1 0 3 0 64 -999999 999999 0 1 4 -999999 999999 0 1000 2 0 0 0 7 2 0
0.0 0.062 0.983 0.011 1 0 3 0 64 -999999 999999 0 1 4 -999999 999999 0 1000 2 0 0 0 7 2 0
0.0 0.378 0.862 0.449 1 0 3 0 64 -999999 999999 0 1 4 -999999 999999 0 1000 2 0 0 0 7 2 0
0.0 0.274 0.915 0.014 1 0 3 0 64 -999999 999999 0 1 4 -999999 999999 0 1000 2 0 0 0 7 2 0
0.0 0.043 0.776 0.457 1 0 3 0 64 -999999 999999 0 1 4 -999999 999999 0 1000 2 0 0 0 7 2 0
0.0 0.023 0.78 0.484 1 0 3 0 64 -999999 999999 0 1 4 -999999 999999 0 1000 2 0 0 0 7 2 0
0.0 0.003 0.974 0.199 1 0 3 0 64 -999999 999999 0 1 4 -999999 999999 0 1000 2 0 0 0 7 2 0
0.0 0.059 0.734 0.049 1 0 3 0 64 -999999 999999 0 1 4 -999999 999999 0 1000 2 0 0 0 7 2 0
0.0 0.007 0.798 0.541 1 0 3 0 64 -999999 999999 0 1 4 -999999 999999 0 1000 2 0 0 0 7 2 0
0.0 0.038 1.0 0.104 1 0 3 0 64 -999999 999999 0 1 4 -999999 999999 0 1000 2 0 0 0 7 2 0
0.0 0.052 0.935 0.19 1 0 3 0 64 -999999 999999 0 1 4 -999999 999999 0 1000 2 0 0 0 7 2 0
0.0 0.001 0.995 0.363 1 0 3 0 64 -999999 999999 0 1 4 -999999 999999 0 1000 2 0 0 0 7 2 0
0.0 0.027 1.0 0.34 1 0 3 0 64 -999999 999999 0 1 4 -999999 999999 0 1000 2 0 0 0 7 2 0
0.0 0.081 0.984 0.259 1 0 3 0 64 -999999 999999 0 1 4 -999999 999999 0 1000 2 0 0 0 7 2 0
0.0 0.0 0.768 0.515 1 0 3 0 64 -999999 999999 0 1 4 -999999 999999 0 1000 2 0 0 0 7 2 0
0.0 0.265 0.682 0.188 1 0 3 0 64 -999999 999999 0 1 4 -999999 999999 0 1000 2 0 0 0 7 2 0
0.3649999999999999 0.064 0.999 0.701 1 0 3 0 64 -999999 999999 0 1 4 -999999 999999 0 1000 2 0 0 0 7 2 0
0.0 0.122 1.0 0.1 1 0 3 0 64 -999999 999999 0 1 4 -999999 999999 0 1000 2 0 0 0 7 2 0
0.0 0.022 0.974 0.001 1 0 3 0 64 -999999 999999 0 1 4 -999999 999999 0 1000 2 0 0 0 7 2 0
0.0 0.047 0.972 0.473 1 0 3 0 64 -999999 999999 0 1 4 -999999 999999 0 1000 2 0 0 0 7 2 0
0.0 0.003 0.874 0.159 1 0 3 0 64 -999999 999999 0 1 4 -999999 999999 0 1000 2 0 0 0 7 2 0
0.0 0.168 0.922 0.34 1 0 3 0 64 -999999 999999 0 1 4 -999999 999999 0 1000 2 0 0 0 7 2 0
0.0 0.018 0.961 0.292 1 0 3 0 64 -999999 999999 0 1 4 -999999 999999 0 1000 2 0 0 0 7 2 0
0.0 0.098 0.988 0.478 1 0 3 0 64 -999999 999999 0 1 4 -999999 999999 0 1000 2 0 0 0 7 2 0
0.0 0.005 0.979 0.37 1 0 3 0 64 -999999 999999 0 1 4 -999999 999999 0 1000 2 0 0 0 7 2 0
0.0 0.006 0.996 0.642 1 0 3 0 64 -999999 999999 0 1 4 -999999 999999 0 1000 2 0 0 0 7 2 0
0.077 0.256 1.0 0.898 1 0 3 0 64 -999999 999999 0 1 4 -999999 999999 0 1000 2 0 0 0 7 2 0
0.0 0.431 0.974 0.055 1 0 3 0 64 -999999 999999 0 1 4 -999999 999999 0 1000 2 0 0 0 7 2 0
0.108 0.011 0.836 0.696 1 0 3 0 64 -999999 999999 0 1 4 -999999 999999 0 1000 2 0 0 0 7 2 0
0.0 0.024 0.886 0.036 1 0 3 0 64 -999999 999999 0 1 4 -999999 999999 0 1000 2 0 0 0 7 2 0
0.0 0.43 0.828 0.173 1 0 3 0 64 -999999 999999 0 1 4 -999999 999999 0 1000 2 0 0 0 7 2 0
0.0 0.007 0.811 0.036 1 0 3 0 64 -999999 999999 0 1 4 -999999 999999 0 1000 2 0 0 0 7 2 0
0.0 0.034 0.939 0.558 1 0 3 0 64 -999999 999999 0 1 4 -999999 999999 0 1000 2 0 0 0 7 2 0
0.0 0.005 1.0 0.445 1 0 3 0 64 -999999 999999 0 1 4 -999999 999999 0 1000 2 0 0 0 7 2 0
0.0 0.464 0.973 0.112 1 0 3 0 64 -999999 999999 0 1 4 -999999 999999 0 1000 2 0 0 0 7 2 0
0.0 0.326 0.539 0.013 1 0 3 0 64 -999999 999999 0 1 4 -999999 999999 0 1000 2 0 0 0 7 2 0
0.0 0.018 0.993 0.017 1 0 3 0 64 -999999 999999 0 1 4 -999999 999999 0 1000 2 0 0 0 7 2 0
0.355 0.04 0.953 0.656 1 0 3 0 64 -999999 999999 0 1 4 -999999 999999 0 1000 2 0 0 0 7 2 0
0.0 0.181 0.986 0.342 1 0 3 0 64 -999999 999999 0 1 4 -999999 999999 0 1000 2 0 0 0 7 2 0
0.0 0.564 0.998 0.018 1 0 3 0 64 -999999 999999 0 1 4 -999999 999999 0 1000 2 0 0 0 7 2 0
0.0 0.021 0.968 0.016 1 0 3 0 64 -999999 999999 0 1 4 -999999 999999 0 1000 2 0 0 0 7 2 0
0.0 0.001 0.95 0.115 1 0 3 0 64 -999999 999999 0 1 4 -999999 999999 0 1000 2 0 0 0 7 2 0
0.0 0.116 0.973 0.032 1 0 3 0 64 -999999 999999 0 1 4 -999999 999999 0 1000 2 0 0 0 7 2 0
0.0 0.0 1.0 0.067 1 0 3 0 64 -999999 999999 0 1 4 -999999 999999 0 1000 2 0 0 0 7 2 0
0.542 0.152 0.984 0.569 1 0 3 0 64 -999999 999999 0 1 4 -999999 999999 0 1000 2 0 0 0 7 2 0
0.0 0.138 0.924 0.101 1 0 3 0 64 -999999 999999 0 1 4 -999999 999999 0 1000 2 0 0 0 7 2 0
0.0 0.034 0.996 0.047 1 0 3 0 64 -999999 999999 0 1 4 -999999 999999 0 1000 2 0 0 0 7 2 0
0.0 0.742 0.904 0.087 1 0 3 0 64 -999999 999999 0 1 4 -999999 999999 0 1000 2 0 0 0 7 2 0
0.0 0.053 0.94 0.026 1 0 3 0 64 -999999 999999 0 1 4 -999999 999999 0 1000 2 0 0 0 7 2 0
0.0 0.048 0.973 0.018 1 0 3 0 64 -999999 999999 0 1 4 -999999 999999 0 1000 2 0 0 0 7 2 0
0.0 0.301 0.992 0.424 1 0 3 0 64 -999999 999999 0 1 4 -999999 999999 0 1000 2 0 0 0 7 2 0
0.0 0.119 0.938 0.104 1 0 3 0 64 -999999 999999 0 1 4 -999999 999999 0 1000 2 0 0 0 7 2 0
0.0 0.236 0.996 0.249 1 0 3 0 64 -999999 999999 0 1 4 -999999 999999 0 1000 2 0 0 0 7 2 0
0.0 0.002 0.968 0.024 1 0 3 0 64 -999999 999999 0 1 4 -999999 999999 0 1000 2 0 0 0 7 2 0
0.0 0.035 0.942 0.022 1 0 3 0 64 -999999 999999 0 1 4 -999999 999999 0 1000 2 0 0 0 7 2 0
0.0 0.33 0.978 0.465 1 0 3 0 64 -999999 999999 0 1 4 -999999 999999 0 1000 2 0 0 0 7 2 0
0.0 0.055 0.974 0.403 1 0 3 0 64 -999999 999999 0 1 4 -999999 999999 0 1000 2 0 0 0 7 2 0
0.223 0.01 0.882 0.665 1 0 3 0 64 -999999 999999 0 1 4 -999999 999999 0 1000 2 0 0 0 7 2 0
0.0 0.002 0.949 0.469 1 0 3 0 64 -999999 999999 0 1 4 -999999 999999 0 1000 2 0 0 0 7 2 0
0.0 0.039 0.996 0.305 1 0 3 0 64 -999999 999999 0 1 4 -999999 999999 0 1000 2 0 0 0 7 2 0
0.0 0.109 0.935 0.072 1 0 3 0 64 -999999 999999 0 1 4 -999999 999999 0 1000 2 0 0 0 7 2 0
0.0 0.011 1.0 0.138 1 0 3 0 64 -999999 999999 0 1 4 -999999 999999 0 1000 2 0 0 0 7 2 0
0.0 0.032 0.746 0.008 1 0 3 0 64 -999999 999999 0 1 4 -999999 999999 0 1000 2 0 0 0 7 2 0
0.0 0.204 0.928 0.215 1 0 3 0 64 -999999 999999 0 1 4 -999999 999999 0 1000 2 0 0 0 7 2 0
0.0 0.127 0.989 0.249 1 0 3 0 64 -999999 999999 0 1 4 -999999 999999 0 1000 2 0 0 0 7 2 0
0.0 0.057 0.892 0.055 1 0 3 0 64 -999999 999999 0 1 4 -999999 999999 0 1000 2 0 0 0 7 2 0
0.0 0.033 0.884 0.009 1 0 3 0 64 -999999 999999 0 1 4 -999999 999999 0 1000 2 0 0 0 7 2 0
0.0 0.006 0.997 0.356 1 0 3 0 64 -999999 999999 0 1 4 -999999 999999 0 1000 2 0 0 0 7 2 0
0.0 0.168 0.729 0.251 1 0 3 0 64 -999999 999999 0 1 4 -999999 999999 0 1000 2 0 0 0 7 2 0
0.0 0.566 0.979 0.104 1 0 3 0 64 -999999 999999 0 1 4 -999999 999999 0 1000 2 0 0 0 7 2 0
0.0 0.101 0.995 0.081 1 0 3 0 64 -999999 999999 0 1 4 -999999 999999 0 1000 2 0 0 0 7 2 0
0.0 0.418 0.851 0.372 1 0 3 0 64 -999999 999999 0 1 4 -999999 999999 0 1000 2 0 0 0 7 2 0
0.0 0.113 0.954 0.296 1 0 3 0 64 -999999 999999 0 1 4 -999999 999999 0 1000 2 0 0 0 7 2 0
0.0 0.02 0.948 0.024 1 0 3 0 64 -999999 999999 0 1 4 -999999 999999 0 1000 2 0 0 0 7 2 0
0.125 0.478 1.0 0.765 1 0 3 0 64 -999999 999999 0 1 4 -999999 999999 0 1000 2 0 0 0 7 2 0
0.0 0.073 0.952 0.226 1 0 3 0 64 -999999 999999 0 1 4 -999999 999999 0 1000 2 0 0 0 7 2 0
0.0 0.028 0.933 0.477 1 0 3 0 64 -999999 999999 0 1 4 -999999 999999 0 1000 2 0 0 0 7 2 0
0.0 0.037 0.798 0.192 1 0 3 0 64 -999999 999999 0 1 4 -999999 999999 0 1000 2 0 0 0 7 2 0
0.0 0.095 0.929 0.002 1 0 3 0 64 -999999 999999 0 1 4 -999999 999999 0 1000 2 0 0 0 7 2 0
0.0 0.134 1.0 0.038 1 0 3 0 64 -999999 999999 0 1 4 -999999 999999 0 1000 2 0 0 0 7 2 0
0.0 0.069 1.0 0.105 1 0 3 0 64 -999999 999999 0 1 4 -999999 999999 0 1000 2 0 0 0 7 2 0
0.0 0.0 0.994 0.132 1 0 3 0 64 -999999 999999 0 1 4 -999999 999999 0 1000 2 0 0 0 7 2 0
0.0 0.011 0.996 0.143 1 0 3 0 64 -999999 999999 0 1 4 -999999 999999 0 1000 2 0 0 0 7 2 0
0.0 0.372 0.883 0.058 1 0 3 0 64 -999999 999999 0 1 4 -999999 999999 0 1000 2 0 0 0 7 2 0
0.0 0.003 0.938 0.141 1 0 3 0 64 -999999 999999 0 1 4 -999999 999999 0 1000 2 0 0 0 7 2 0
0.0 0.065 0.987 0.167 1 0 3 0 64 -999999 999999 0 1 4 -999999 999999 0 1000 2 0 0 0 7 2 0
0.0 0.235 0.991 0.063 1 0 3 0 64 -999999 999999 0 1 4 -999999 999999 0 1000 2 0 0 0 7 2 0
0.0 0.089 0.974 0.264 1 0 3 0 64 -999999 999999 0 1 4 -999999 999999 0 1000 2 0 0 0 7 2 0
0.0 0.156 0.983 0.06 1 0 3 0 64 -999999 999999 0 1 4 -999999 999999 0 1000 2 0 0 0 7 2 0
0.0 0.002 0.897 0.186 1 0 3 0 64 -999999 999999 0 1 4 -999999 999999 0 1000 2 0 0 0 7 2 0
0.0 0.026 0.897 0.109 1 0 3 0 64 -999999 999999 0 1 4 -999999 999999 0 1000 2 0 0 0 7 2 0
0.0 0.058 0.982 0.459 1 0 3 0 64 -999999 999999 0 1 4 -999999 999999 0 1000 2 0 0 0 7 2 0
0.0 0.031 0.998 0.025 1 0 3 0 64 -999999 999999 0 1 4 -999999 999999 0 1000 2 0 0 0 7 2 0
0.0 0.047 0.973 0.465 1 0 3 0 64 -999999 999999 0 1 4 -999999 999999 0 1000 2 0 0 0 7 2 0
0.0 0.146 1.0 0.257 1 0 3 0 64 -999999 999999 0 1 4 -999999 999999 0 1000 2 0 0 0 7 2 0
0.0 0.021 0.998 0.207 1 0 3 0 64 -999999 999999 0 1 4 -999999 999999 0 1000 2 0 0 0 7 2 0
0.0 0.479 1.0 0.074 1 0 3 0 64 -999999 999999 0 1 4 -999999 999999 0 1000 2 0 0 0 7 2 0
0.0 0.011 0.995 0.111 1 0 3 0 64 -999999 999999 0 1 4 -999999 999999 0 1000 2 0 0 0 7 2 0
0.0 0.013 0.835 0.176 1 0 3 0 64 -999999 999999 0 1 4 -999999 999999 0 1000 2 0 0 0 7 2 0
0.0 0.005 0.993 0.055 1 0 3 0 64 -999999 999999 0 1 4 -999999 999999 0 1000 2 0 0 0 7 2 0
0.7899999999999999 0.038 0.927 0.68 1 0 3 0 64 -999999 999999 0 1 4 -999999 999999 0 1000 2 0 0 0 7 2 0
0.0 0.112 0.954 0.244 1 0 3 0 64 -999999 999999 0 1 4 -999999 999999 0 1000 2 0 0 0 7 2 0
0.0 0.092 0.965 0.145 1 0 3 0 64 -999999 999999 0 1 4 -999999 999999 0 1000 2 0 0 0 7 2 0
0.0 0.231 0.973 0.515 1 0 3 0 64 -999999 999999 0 1 4 -999999 999999 0 1000 2 0 0 0 7 2 0
0.0 0.216 0.972 0.151 1 0 3 0 64 -999999 999999 0 1 4 -999999 999999 0 1000 2 0 0 0 7 2 0
0.0 0.503 0.692 0.323 1 0 3 0 64 -999999 999999 0 1 4 -999999 999999 0 1000 2 0 0 0 7 2 0
0.0 0.002 0.828 0.422 1 0 3 0 64 -999999 999999 0 1 4 -999999 999999 0 1000 2 0 0 0 7 2 0
0.0 0.32 0.966 0.287 1 0 3 0 64 -999999 999999 0 1 4 -999999 999999 0 1000 2 0 0 0 7 2 0
0.0 0.42 0.986 0.131 1 0 3 0 64 -999999 999999 0 1 4 -999999 999999 0 1000 2 0 0 0 7 2 0
0.0 0.0 0.973 0.181 1 0 3 0 64 -999999 999999 0 1 4 -999999 999999 0 1000 2 0 0 0 7 2 0
0.0 0.23 0.495 0.436 1 0 3 0 64 -999999 999999 0 1 4 -999999 999999 0 1000 2 0 0 0 7 2 0
0.0 0.054 0.999 0.49 1 0 3 0 64 -999999 999999 0 1 4 -999999 999999 0 1000 2 0 0 0 7 2 0
0.0 0.069 0.391 0.516 1 0 3 0 64 -999999 999999 0 1 4 -999999 999999 0 1000 2 0 0 0 7 2 0
0.0 0.048 0.988 0.05 1 0 3 0 64 -999999 999999 0 1 4 -999999 999999 0 1000 2 0 0 0 7 2 0
0.0 0.055 0.969 0.084 1 0 3 0 64 -999999 999999 0 1 4 -999999 999999 0 1000 2 0 0 0 7 2 0
0.0 0.159 0.885 0.479 1 0 3 0 64 -999999 999999 0 1 4 -999999 999999 0 1000 2 0 0 0 7 2 0
0.0 0.019 0.985 0.39 1 0 3 0 64 -999999 999999 0 1 4 -999999 999999 0 1000 2 0 0 0 7 2 0
0.0 0.02 0.824 0.097 1 0 3 0 64 -999999 999999 0 1 4 -999999 999999 0 1000 2 0 0 0 7 2 0
0.0 0.0 0.666 0.044 1 0 3 0 64 -999999 999999 0 1 4 -999999 999999 0 1000 2 0 0 0 7 2 0
0.0 0.043 0.971 0.208 1 0 3 0 64 -999999 999999 0 1 4 -999999 999999 0 1000 2 0 0 0 7 2 0
0.0 0.013 0.964 0.406 1 0 3 0 64 -999999 999999 0 1 4 -999999 999999 0 1000 2 0 0 0 7 2 0
0.0 0.022 0.983 0.194 1 0 3 0 64 -999999 999999 0 1 4 -999999 999999 0 1000 2 0 0 0 7 2 0
0.0 0.011 0.904 0.331 1 0 3 0 64 -999999 999999 0 1 4 -999999 999999 0 1000 2 0 0 0 7 2 0
0.0 0.1 0.991 0.067 1 0 3 0 64 -999999 999999 0 1 4 -999999 999999 0 1000 2 0 0 0 7 2 0
0.0 0.181 0.966 0.3 1 0 3 0 64 -999999 999999 0 1 4 -999999 999999 0 1000 2 0 0 0 7 2 0
0.0 0.339 0.932 0.246 1 0 3 0 64 -999999 999999 0 1 4 -999999 999999 0 1000 2 0 0 0 7 2 0
0.0 0.122 0.933 0.312 1 0 3 0 64 -999999 999999 0 1 4 -999999 999999 0 1000 2 0 0 0 7 2 0
0.0 0.0 0.989 0.231 1 0 3 0 64 -999999 999999 0 1 4 -999999 999999 0 1000 2 0 0 0 7 2 0
0.0 0.077 0.987 0.362 1 0 3 0 64 -999999 999999 0 1 4 -999999 999999 0 1000 2 0 0 0 7 2 0
0.0 0.102 0.904 0.348 1 0 3 0 64 -999999 999999 0 1 4 -999999 999999 0 1000 2 0 0 0 7 2 0
0.0 0.0 1.0 0.414 1 0 3 0 64 -999999 999999 0 1 4 -999999 999999 0 1000 2 0 0 0 7 2 0
0.0 0.001 0.999 0.055 1 0 3 0 64 -999999 999999 0 1 4 -999999 999999 0 1000 2 0 0 0 7 2 0
0.0 0.121 0.981 0.019 1 0 3 0 64 -999999 999999 0 1 4 -999999 999999 0 1000 2 0 0 0 7 2 0
0.0 0.006 0.977 0.07 1 0 3 0 64 -999999 999999 0 1 4 -999999 999999 0 1000 2 0 0 0 7 2 0
0.0 0.211 0.989 0.054 1 0 3 0 64 -999999 999999 0 1 4 -999999 999999 0 1000 2 0 0 0 7 2 0
0.242 0.033 1.0 0.871 1 0 3 0 64 -999999 999999 0 1 4 -999999 999999 0 1000 2 0 0 0 7 2 0
0.0 0.034 0.599 0.204 1 0 3 0 64 -999999 999999 0 1 4 -999999 999999 0 1000 2 0 0 0 7 2 0
0.0 0.039 0.942 0.17 1 0 3 0 64 -999999 999999 0 1 4 -999999 999999 0 1000 2 0 0 0 7 2 0
0.0 0.331 0.845 0.075 1 0 3 0 64 -999999 999999 0 1 4 -999999 999999 0 1000 2 0 0 0 7 2 0
0.0 0.42 0.997 0.037 1 0 3 0 64 -999999 999999 0 1 4 -999999 999999 0 1000 2 0 0 0 7 2 0
0.0 0.302 0.99 0.545 1 0 3 0 64 -999999 999999 0 1 4 -999999 999999 0 1000 2 0 0 0 7 2 0
0.0 0.095 0.783 0.244 1 0 3 0 64 -999999 999999 0 1 4 -999999 999999 0 1000 2 0 0 0 7 2 0
0.0 0.009 0.611 0.085 1 0 3 0 64 -999999 999999 0 1 4 -999999 999999 0 1000 2 0 0 0 7 2 0
0.0 0.046 0.854 0.308 1 0 3 0 64 -999999 999999 0 1 4 -999999 999999 0 1000 2 0 0 0 7 2 0
0.0 0.239 0.921 0.011 1 0 3 0 64 -999999 999999 0 1 4 -999999 999999 0 1000 2 0 0 0 7 2 0
0.0 0.233 0.993 0.219 1 0 3 0 64 -999999 999999 0 1 4 -999999 999999 0 1000 2 0 0 0 7 2 0
0.0 0.064 0.995 0.263 1 0 3 0 64 -999999 999999 0 1 4 -999999 999999 0 1000 2 0 0 0 7 2 0
0.0 0.412 0.964 0.089 1 0 3 0 64 -999999 999999 0 1 4 -999999 999999 0 1000 2 0 0 0 7 2 0
0.0 0.198 0.992 0.007 1 0 3 0 64 -999999 999999 0 1 4 -999999 999999 0 1000 2 0 0 0 7 2 0
0.0 0.053 0.998 0.101 1 0 3 0 64 -999999 999999 0 1 4 -999999 999999 0 1000 2 0 0 0 7 2 0
0.0 0.0 0.954 0.3 1 0 3 0 64 -999999 999999 0 1 4 -999999 999999 0 1000 2 0 0 0 7 2 0
0.0 0.224 0.998 0.3 1 0 3 0 64 -999999 999999 0 1 4 -999999 999999 0 1000 2 0 0 0 7 2 0
0.3269999999999999 0.08 1.0 0.718 1 0 3 0 64 -999999 999999 0 1 4 -999999 999999 0 1000 2 0 0 0 7 2 0
0.0 0.117 0.976 0.245 1 0 3 0 64 -999999 999999 0 1 4 -999999 999999 0 1000 2 0 0 0 7 2 0
0.0 0.242 0.994 0.234 1 0 3 0 64 -999999 999999 0 1 4 -999999 999999 0 1000 2 0 0 0 7 2 0
0.0 0.221 0.74 0.343 1 0 3 0 64 -999999 999999 0 1 4 -999999 999999 0 1000 2 0 0 0 7 2 0
0.0 0.161 0.998 0.079 1 0 3 0 64 -999999 999999 0 1 4 -999999 999999 0 1000 2 0 0 0 7 2 0
0.0 0.168 0.889 0.133 1 0 3 0 64 -999999 999999 0 1 4 -999999 999999 0 1000 2 0 0 0 7 2 0
0.0 0.001 0.853 0.166 1 0 3 0 64 -999999 999999 0 1 4 -999999 999999 0 1000 2 0 0 0 7 2 0
0.0 0.11 0.985 0.56 1 0 3 0 64 -999999 999999 0 1 4 -999999 999999 0 1000 2 0 0 0 7 2 0
0.0 0.007 0.999 0.168 1 0 3 0 64 -999999 999999 0 1 4 -999999 999999 0 1000 2 0 0 0 7 2 0
0.212 0.03 0.995 0.541 1 0 3 0 64 -999999 999999 0 1 4 -999999 999999 0 1000 2 0 0 0 7 2 0
0.0 0.208 0.922 0.01 1 0 3 0 64 -999999 999999 0 1 4 -999999 999999 0 1000 2 0 0 0 7 2 0
0.0 0.06 0.993 0.097 1 0 3 0 64 -999999 999999 0 1 4 -999999 999999 0 1000 2 0 0 0 7 2 0
0.0 0.008 0.855 0.238 1 0 3 0 64 -999999 999999 0 1 4 -999999 999999 0 1000 2 0 0 0 7 2 0
0.0 0.296 0.987 0.066 1 0 3 0 64 -999999 999999 0 1 4 -999999 999999 0 1000 2 0 0 0 7 2 0
0.0 0.001 0.647 0.034 1 0 3 0 64 -999999 999999 0 1 4 -999999 999999 0 1000 2 0 0 0 7 2 0
0.0 0.043 0.85 0.41 1 0 3 0 64 -999999 999999 0 1 4 -999999 999999 0 1000 2 0 0 0 7 2 0
0.0 0.047 0.959 0.244 1 0 3 0 64 -999999 999999 0 1 4 -999999 999999 0 1000 2 0 0 0 7 2 0
0.0 0.001 0.891 0.054 1 0 3 0 64 -999999 999999 0 1 4 -999999 999999 0 1000 2 0 0 0 7 2 0
0.283 0.15 0.907 0.68 1 0 3 0 64 -999999 999999 0 1 4 -999999 999999 0 1000 2 0 0 0 7 2 0
0.0 0.236 0.988 0.303 1 0 3 0 64 -999999 999999 0 1 4 -999999 999999 0 1000 2 0 0 0 7 2 0
0.0 0.016 0.931 0.032 1 0 3 0 64 -999999 999999 0 1 4 -999999 999999 0 1000 2 0 0 0 7 2 0
0.0 0.37 0.752 0.247 1 0 3 0 64 -999999 999999 0 1 4 -999999 999999 0 1000 2 0 0 0 7 2 0
0.0 0.012 0.986 0.219 1 0 3 0 64 -999999 999999 0 1 4 -999999 999999 0 1000 2 0 0 0 7 2 0
0.0 0.158 0.92 0.029 1 0 3 0 64 -999999 999999 0 1 4 -999999 999999 0 1000 2 0 0 0 7 2 0
0.0 0.159 0.997 0.271 1 0 3 0 64 -999999 999999 0 1 4 -999999 999999 0 1000 2 0 0 0 7 2 0
0.0 0.337 1.0 0.091 1 0 3 0 64 -999999 999999 0 1 4 -999999 999999 0 1000 2 0 0 0 7 2 0
0.0 0.014 0.971 0.219 1 0 3 0 64 -999999 999999 0 1 4 -999999 999999 0 1000 2 0 0 0 7 2 0
0.0 0.004 0.915 0.169 1 0 3 0 64 -999999 999999 0 1 4 -999999 999999 0 1000 2 0 0 0 7 2 0
0.0 0.308 0.998 0.198 1 0 3 0 64 -999999 999999 0 1 4 -999999 999999 0 1000 2 0 0 0 7 2 0
0.0 0.212 0.891 0.033 1 0 3 0 64 -999999 999999 0 1 4 -999999 999999 0 1000 2 0 0 0 7 2 0
0.0 0.213 0.991 0.083 1 0 3 0 64 -999999 999999 0 1 4 -999999 999999 0 1000 2 0 0 0 7 2 0
0.0 0.407 0.943 0.138 1 0 3 0 64 -999999 999999 0 1 4 -999999 999999 0 1000 2 0 0 0 7 2 0
0.0 0.008 0.915 0.263 1 0 3 0 64 -999999 999999 0 1 4 -999999 999999 0 1000 2 0 0 0 7 2 0
0.0 0.059 0.999 0.107 1 0 3 0 64 -999999 999999 0 1 4 -999999 999999 0 1000 2 0 0 0 7 2 0
0.0 0.202 0.879 0.214 1 0 3 0 64 -999999 999999 0 1 4 -999999 999999 0 1000 2 0 0 0 7 2 0
0.0 0.002 0.856 0.128 1 0 3 0 64 -999999 999999 0 1 4 -999999 999999 0 1000 2 0 0 0 7 2 0
0.0 0.0 0.953 0.109 1 0 3 0 64 -999999 999999 0 1 4 -999999 999999 0 1000 2 0 0 0 7 2 0
0.0 0.0 0.992 0.055 1 0 3 0 64 -999999 999999 0 1 4 -999999 999999 0 1000 2 0 0 0 7 2 0
0.0 0.118 0.919 0.077 1 0 3 0 64 -999999 999999 0 1 4 -999999 999999 0 1000 2 0 0 0 7 2 0
0.0 0.132 0.975 0.045 1 0 3 0 64 -999999 999999 0 1 4 -999999 999999 0 1000 2 0 0 0 7 2 0
0.0 0.01 0.946 0.424 1 0 3 0 64 -999999 999999 0 1 4 -999999 999999 0 1000 2 0 0 0 7 2 0
0.0 0.067 0.995 0.46 1 0 3 0 64 -999999 999999 0 1 4 -999999 999999 0 1000 2 0 0 0 7 2 0
0.0 0.245 0.924 0.286 1 0 3 0 64 -999999 999999 0 1 4 -999999 999999 0 1000 2 0 0 0 7 2 0
0.0 0.022 0.994 0.018 1 0 3 0 64 -999999 999999 0 1 4 -999999 999999 0 1000 2 0 0 0 7 2 0
0.0 0.278 0.99 0.069 1 0 3 0 64 -999999 999999 0 1 4 -999999 999999 0 1000 2 0 0 0 7 2 0
0.0 0.359 0.992 0.042 1 0 3 0 64 -999999 999999 0 1 4 -999999 999999 0 1000 2 0 0 0 7 2 0
0.0 0.152 0.997 0.049 1 0 3 0 64 -999999 999999 0 1 4 -999999 999999 0 1000 2 0 0 0 7 2 0
0.0 0.208 0.971 0.072 1 0 3 0 64 -999999 999999 0 1 4 -999999 999999 0 1000 2 0 0 0 7 2 0
0.0 0.0 0.992 0.142 1 0 3 0 64 -999999 999999 0 1 4 -999999 999999 0 1000 2 0 0 0 7 2 0
0.0 0.007 0.999 0.187 1 0 3 0 64 -999999 999999 0 1 4 -999999 999999 0 1000 2 0 0 0 7 2 0
0.173 0.094 0.84 0.557 1 0 3 0 64 -999999 999999 0 1 4 -999999 999999 0 1000 2 0 0 0 7 2 0
0.0 0.157 0.955 0.054 1 0 3 0 64 -999999 999999 0 1 4 -999999 999999 0 1000 2 0 0 0 7 2 0
0.287 0.06 0.998 0.652 1 0 3 0 64 -999999 999999 0 1 4 -999999 999999 0 1000 2 0 0 0 7 2 0
0.0 0.037 0.998 0.356 1 0 3 0 64 -999999 999999 0 1 4 -999999 999999 0 1000 2 0 0 0 7 2 0
0.0 0.131 0.951 0.187 1 0 3 0 64 -999999 999999 0 1 4 -999999 999999 0 1000 2 0 0 0 7 2 0
0.0 0.376 0.946 0.005 1 0 3 0 64 -999999 999999 0 1 4 -999999 999999 0 1000 2 0 0 0 7 2 0
0.0 0.218 1.0 0.118 1 0 3 0 64 -999999 999999 0 1 4 -999999 999999 0 1000 2 0 0 0 7 2 0
0.0 0.029 0.982 0.08 1 0 3 0 64 -999999 999999 0 1 4 -999999 999999 0 1000 2 0 0 0 7 2 0
0.0 0.613 0.984 0.02 1 0 3 0 64 -999999 999999 0 1 4 -999999 999999 0 1000 2 0 0 0 7 2 0
0.0 0.362 0.949 0.288 1 0 3 0 64 -999999 999999 0 1 4 -999999 999999 0 1000 2 0 0 0 7 2 0
0.0 0.201 0.972 0.012 1 0 3 0 64 -999999 999999 0 1 4 -999999 999999 0 1000 2 0 0 0 7 2 0
0.0 0.235 0.989 0.112 1 0 3 0 64 -999999 999999 0 1 4 -999999 999999 0 1000 2 0 0 0 7 2 0
0.0 0.071 0.967 0.468 1 0 3 0 64 -999999 999999 0 1 4 -999999 999999 0 1000 2 0 0 0 7 2 0
0.0 0.07 1.0 0.026 1 0 3 0 64 -999999 999999 0 1 4 -999999 999999 0 1000 2 0 0 0 7 2 0
0.0 0.298 1.0 0.212 1 0 3 0 64 -999999 999999 0 1 4 -999999 999999 0 1000 2 0 0 0 7 2 0
0.0 0.001 0.972 0.31 1 0 3 0 64 -999999 999999 0 1 4 -999999 999999 0 1000 2 0 0 0 7 2 0
0.0 0.057 0.91 0.122 1 0 3 0 64 -999999 999999 0 1 4 -999999 999999 0 1000 2 0 0 0 7 2 0
0.0 0.219 0.867 0.066 1 0 3 0 64 -999999 999999 0 1 4 -999999 999999 0 1000 2 0 0 0 7 2 0
0.0 0.004 0.921 0.338 1 0 3 0 64 -999999 999999 0 1 4 -999999 999999 0 1000 2 0 0 0 7 2 0
0.0 0.052 0.996 0.178 1 0 3 0 64 -999999 999999 0 1 4 -999999 999999 0 1000 2 0 0 0 7 2 0
0.0 0.02 0.976 0.062 1 0 3 0 64 -999999 999999 0 1 4 -999999 999999 0 1000 2 0 0 0 7 2 0
0.0 0.017 0.963 0.074 1 0 3 0 64 -999999 999999 0 1 4 -999999 999999 0 1000 2 0 0 0 7 2 0
0.0 0.009 0.994 0.136 1 0 3 0 64 -999999 999999 0 1 4 -999999 999999 0 1000 2 0 0 0 7 2 0
0.319 0.208 0.986 0.781 1 0 3 0 64 -999999 999999 0 1 4 -999999 999999 0 1000 2 0 0 0 7 2 0
0.0 0.028 0.877 0.394 1 0 3 0 64 -999999 999999 0 1 4 -999999 999999 0 1000 2 0 0 0 7 2 0
0.0 0.224 0.967 0.13 1 0 3 0 64 -999999 999999 0 1 4 -999999 999999 0 1000 2 0 0 0 7 2 0
0.0 0.025 0.928 0.055 1 0 3 0 64 -999999 999999 0 1 4 -999999 999999 0 1000 2 0 0 0 7 2 0
0.0 0.001 0.746 0.28 1 0 3 0 64 -999999 999999 0 1 4 -999999 999999 0 1000 2 0 0 0 7 2 0
0.0 0.043 0.993 0.018 1 0 3 0 64 -999999 999999 0 1 4 -999999 999999 0 1000 2 0 0 0 7 2 0
0.0 0.093 0.832 0.159 1 0 3 0 64 -999999 999999 0 1 4 -999999 999999 0 1000 2 0 0 0 7 2 0
0.0 0.333 0.925 0.372 1 0 3 0 64 -999999 999999 0 1 4 -999999 999999 0 1000 2 0 0 0 7 2 0
0.0 0.086 0.956 0.221 1 0 3 0 64 -999999 999999 0 1 4 -999999 999999 0 1000 2 0 0 0 7 2 0
0.0 0.0 0.739 0.315 1 0 3 0 64 -999999 999999 0 1 4 -999999 999999 0 1000 2 0 0 0 7 2 0
0.0 0.017 0.879 0.029 1 0 3 0 64 -999999 999999 0 1 4 -999999 999999 0 1000 2 0 0 0 7 2 0
0.0 0.205 0.988 0.047 1 0 3 0 64 -999999 999999 0 1 4 -999999 999999 0 1000 2 0 0 0 7 2 0
0.219 0.231 0.968 0.577 1 0 3 0 64 -999999 999999 0 1 4 -999999 999999 0 1000 2 0 0 0 7 2 0
0.0 0.054 0.921 0.011 1 0 3 0 64 -999999 999999 0 1 4 -999999 999999 0 1000 2 0 0 0 7 2 0
0.0 0.095 0.923 0.019 1 0 3 0 64 -999999 999999 0 1 4 -999999 999999 0 1000 2 0 0 0 7 2 0
0.0 0.084 0.557 0.465 1 0 3 0 64 -999999 999999 0 1 4 -999999 999999 0 1000 2 0 0 0 7 2 0
0.0 0.087 0.907 0.007 1 0 3 0 64 -999999 999999 0 1 4 -999999 999999 0 1000 2 0 0 0 7 2 0
0.0 0.005 0.998 0.14 1 0 3 0 64 -999999 999999 0 1 4 -999999 999999 0 1000 2 0 0 0 7 2 0
0.0 0.0 0.892 0.459 1 0 3 0 64 -999999 999999 0 1 4 -999999 999999 0 1000 2 0 0 0 7 2 0
0.0 0.0 0.998 0.244 1 0 3 0 64 -999999 999999 0 1 4 -999999 999999 0 1000 2 0 0 0 7 2 0
0.0 0.118 0.754 0.004 1 0 3 0 64 -999999 999999 0 1 4 -999999 999999 0 1000 2 0 0 0 7 2 0
0.0 0.263 1.0 0.308 1 0 3 0 64 -999999 999999 0 1 4 -999999 999999 0 1000 2 0 0 0 7 2 0
0.0 0.094 0.799 0.085 1 0 3 0 64 -999999 999999 0 1 4 -999999 999999 0 1000 2 0 0 0 7 2 0
0.0 0.048 0.989 0.384 1 0 3 0 64 -999999 999999 0 1 4 -999999 999999 0 1000 2 0 0 0 7 2 0
0.0 0.018 0.988 0.01 1 0 3 0 64 -999999 999999 0 1 4 -999999 999999 0 1000 2 0 0 0 7 2 0
0.0 0.007 0.856 0.145 1 0 3 0 64 -999999 999999 0 1 4 -999999 999999 0 1000 2 0 0 0 7 2 0
0.0 0.042 0.981 0.259 1 0 3 0 64 -999999 999999 0 1 4 -999999 999999 0 1000 2 0 0 0 7 2 0
0.0 0.345 0.862 0.097 1 0 3 0 64 -999999 999999 0 1 4 -999999 999999 0 1000 2 0 0 0 7 2 0
0.0 0.11 0.878 0.395 1 0 3 0 64 -999999 999999 0 1 4 -999999 999999 0 1000 2 0 0 0 7 2 0
0.096 0.014 0.654 0.709 1 0 3 0 64 -999999 999999 0 1 4 -999999 999999 0 1000 2 0 0 0 7 2 0
0.0 0.402 0.996 0.335 1 0 3 0 64 -999999 999999 0 1 4 -999999 999999 0 1000 2 0 0 0 7 2 0
0.0 0.277 0.997 0.409 1 0 3 0 64 -999999 999999 0 1 4 -999999 999999 0 1000 2 0 0 0 7 2 0
0.0 0.386 0.995 0.446 1 0 3 0 64 -999999 999999 0 1 4 -999999 999999 0 1000 2 0 0 0 7 2 0
0.0 0.091 0.808 0.453 1 0 3 0 64 -999999 999999 0 1 4 -999999 999999 0 1000 2 0 0 0 7 2 0
0.0 0.178 0.999 0.067 1 0 3 0 64 -999999 999999 0 1 4 -999999 999999 0 1000 2 0 0 0 7 2 0
0.0 0.591 0.969 0.393 1 0 3 0 64 -999999 999999 0 1 4 -999999 999999 0 1000 2 0 0 0 7 2 0
0.0 0.0 0.997 0.188 1 0 3 0 64 -999999 999999 0 1 4 -999999 999999 0 1000 2 0 0 0 7 2 0
0.095 0.017 0.886 0.586 1 0 3 0 64 -999999 999999 0 1 4 -999999 999999 0 1000 2 0 0 0 7 2 0
0.0 0.023 0.996 0.159 1 0 3 0 64 -999999 999999 0 1 4 -999999 999999 0 1000 2 0 0 0 7 2 0
0.0 0.006 0.995 0.129 1 0 3 0 64 -999999 999999 0 1 4 -999999 999999 0 1000 2 0 0 0 7 2 0
0.0 0.202 0.999 0.177 1 0 3 0 64 -999999 999999 0 1 4 -999999 999999 0 1000 2 0 0 0 7 2 0
0.0 0.092 1.0 0.073 1 0 3 0 64 -999999 999999 0 1 4 -999999 999999 0 1000 2 0 0 0 7 2 0
0.0 0.648 0.789 0.49 1 0 3 0 64 -999999 999999 0 1 4 -999999 999999 0 1000 2 0 0 0 7 2 0
0.0 0.219 0.914 0.187 1 0 3 0 64 -999999 999999 0 1 4 -999999 999999 0 1000 2 0 0 0 7 2 0
0.0 0.057 0.478 0.076 1 0 3 0 64 -999999 999999 0 1 4 -999999 999999 0 1000 2 0 0 0 7 2 0
0.0 0.158 0.999 0.277 1 0 3 0 64 -999999 999999 0 1 4 -999999 999999 0 1000 2 0 0 0 7 2 0
0.0 0.003 0.95 0.402 1 0 3 0 64 -999999 999999 0 1 4 -999999 999999 0 1000 2 0 0 0 7 2 0
0.0 0.003 0.963 0.362 1 0 3 0 64 -999999 999999 0 1 4 -999999 999999 0 1000 2 0 0 0 7 2 0
0.0 0.436 0.89 0.153 1 0 3 0 64 -999999 999999 0 1 4 -999999 999999 0 1000 2 0 0 0 7 2 0
0.0 0.002 0.862 0.333 1 0 3 0 64 -999999 999999 0 1 4 -999999 999999 0 1000 2 0 0 0 7 2 0
0.0 0.459 0.999 0.147 1 0 3 0 64 -999999 999999 0 1 4 -999999 999999 0 1000 2 0 0 0 7 2 0
0.0 0.419 0.717 0.036 1 0 3 0 64 -999999 999999 0 1 4 -999999 999999 0 1000 2 0 0 0 7 2 0
0.0 0.09 1.0 0.009 1 0 3 0 64 -999999 999999 0 1 4 -999999 999999 0 1000 2 0 0 0 7 2 0
0.0 0.138 0.953 0.389 1 0 3 0 64 -999999 999999 0 1 4 -999999 999999 0 1000 2 0 0 0 7 2 0
0.0 0.165 0.935 0.098 1 0 3 0 64 -999999 999999 0 1 4 -999999 999999 0 1000 2 0 0 0 7 2 0
0.0 0.082 0.91 0.069 1 0 3 0 64 -999999 999999 0 1 4 -999999 999999 0 1000 2 0 0 0 7 2 0
0.0 0.387 0.841 0.063 1 0 3 0 64 -999999 999999 0 1 4 -999999 999999 0 1000 2 0 0 0 7 2 0
0.0 0.038 0.925 0.256 1 0 3 0 64 -999999 999999 0 1 4 -999999 999999 0 1000 2 0 0 0 7 2 0
0.0 0.185 0.994 0.046 1 0 3 0 64 -999999 999999 0 1 4 -999999 999999 0 1000 2 0 0 0 7 2 0
0.0 0.02 0.992 0.104 1 0 3 0 64 -999999 999999 0 1 4 -999999 999999 0 1000 2 0 0 0 7 2 0
0.0 0.714 0.914 0.265 1 0 3 0 64 -999999 999999 0 1 4 -999999 999999 0 1000 2 0 0 0 7 2 0
0.0 0.08 0.97 0.002 1 0 3 0 64 -999999 999999 0 1 4 -999999 999999 0 1000 2 0 0 0 7 2 0
0.0 0.75 0.998 0.048 1 0 3 0 64 -999999 999999 0 1 4 -999999 999999 0 1000 2 0 0 0 7 2 0
0.0 0.16 0.977 0.08 1 0 3 0 64 -999999 999999 0 1 4 -999999 999999 0 1000 2 0 0 0 7 2 0
0.0 0.011 0.887 0.395 1 0 3 0 64 -999999 999999 0 1 4 -999999 999999 0 1000 2 0 0 0 7 2 0
0.0 0.135 0.956 0.099 1 0 3 0 64 -999999 999999 0 1 4 -999999 999999 0 1000 2 0 0 0 7 2 0
0.0 0.011 0.929 0.16 1 0 3 0 64 -999999 999999 0 1 4 -999999 999999 0 1000 2 0 0 0 7 2 0
0.0 0.009 0.863 0.347 1 0 3 0 64 -999999 999999 0 1 4 -999999 999999 0 1000 2 0 0 0 7 2 0
0.0 0.197 0.732 0.004 1 0 3 0 64 -999999 999999 0 1 4 -999999 999999 0 1000 2 0 0 0 7 2 0
0.0 0.13 0.982 0.105 1 0 3 0 64 -999999 999999 0 1 4 -999999 999999 0 1000 2 0 0 0 7 2 0
0.0 0.013 0.794 0.129 1 0 3 0 64 -999999 999999 0 1 4 -999999 999999 0 1000 2 0 0 0 7 2 0
0.0 0.314 0.993 0.215 1 0 3 0 64 -999999 999999 0 1 4 -999999 999999 0 1000 2 0 0 0 7 2 0
0.063 0.553 0.945 0.614 1 0 3 0 64 -999999 999999 0 1 4 -999999 999999 0 1000 2 0 0 0 7 2 0
0.0 0.013 0.929 0.007 1 0 3 0 64 -999999 999999 0 1 4 -999999 999999 0 1000 2 0 0 0 7 2 0
0.0 0.027 0.997 0.297 1 0 3 0 64 -999999 999999 0 1 4 -999999 999999 0 1000 2 0 0 0 7 2 0
0.0 0.042 0.969 0.121 1 0 3 0 64 -999999 999999 0 1 4 -999999 999999 0 1000 2 0 0 0 7 2 0
0.0 0.011 0.982 0.52 1 0 3 0 64 -999999 999999 0 1 4 -999999 999999 0 1000 2 0 0 0 7 2 0
0.0 0.058 0.973 0.13 1 0 3 0 64 -999999 999999 0 1 4 -999999 999999 0 1000 2 0 0 0 7 2 0
0.0 0.099 0.893 0.008 1 0 3 0 64 -999999 999999 0 1 4 -999999 999999 0 1000 2 0 0 0 7 2 0
0.0 0.097 0.876 0.056 1 0 3 0 64 -999999 999999 0 1 4 -999999 999999 0 1000 2 0 0 0 7 2 0
0.0 0.076 0.994 0.6 1 0 3 0 64 -999999 999999 0 1 4 -999999 999999 0 1000 2 0 0 0 7 2 0
0.0 0.013 0.694 0.258 1 0 3 0 64 -999999 999999 0 1 4 -999999 999999 0 1000 2 0 0 0 7 2 0
0.0 0.005 0.922 0.144 1 0 3 0 64 -999999 999999 0 1 4 -999999 999999 0 1000 2 0 0 0 7 2 0
0.0 0.275 0.989 0.154 1 0 3 0 64 -999999 999999 0 1 4 -999999 999999 0 1000 2 0 0 0 7 2 0
0.0 0.095 0.912 0.395 1 0 3 0 64 -999999 999999 0 1 4 -999999 999999 0 1000 2 0 0 0 7 2 0
0.0 0.082 0.866 0.039 1 0 3 0 64 -999999 999999 0 1 4 -999999 999999 0 1000 2 0 0 0 7 2 0
0.0 0.036 1.0 0.289 1 0 3 0 64 -999999 999999 0 1 4 -999999 999999 0 1000 2 0 0 0 7 2 0
0.0 0.396 0.683 0.184 1 0 3 0 64 -999999 999999 0 1 4 -999999 999999 0 1000 2 0 0 0 7 2 0
0.0 0.003 0.984 0.192 1 0 3 0 64 -999999 999999 0 1 4 -999999 999999 0 1000 2 0 0 0 7 2 0
0.0 0.119 0.969 0.155 1 0 3 0 64 -999999 999999 0 1 4 -999999 999999 0 1000 2 0 0 0 7 2 0
0.0 0.544 0.977 0.027 1 0 3 0 64 -999999 999999 0 1 4 -999999 999999 0 1000 2 0 0 0 7 2 0
0.0 0.001 0.993 0.088 1 0 3 0 64 -999999 999999 0 1 4 -999999 999999 0 1000 2 0 0 0 7 2 0
0.0 0.007 0.995 0.002 1 0 3 0 64 -999999 999999 0 1 4 -999999 999999 0 1000 2 0 0 0 7 2 0
0.0 0.065 0.732 0.301 1 0 3 0 64 -999999 999999 0 1 4 -999999 999999 0 1000 2 0 0 0 7 2 0
0.0 0.033 0.931 0.45 1 0 3 0 64 -999999 999999 0 1 4 -999999 999999 0 1000 2 0 0 0 7 2 0
0.0 0.062 0.924 0.176 1 0 3 0 64 -999999 999999 0 1 4 -999999 999999 0 1000 2 0 0 0 7 2 0
0.0 0.339 0.98 0.328 1 0 3 0 64 -999999 999999 0 1 4 -999999 999999 0 1000 2 0 0 0 7 2 0
0.0 0.241 0.716 0.16 1 0 3 0 64 -999999 999999 0 1 4 -999999 999999 0 1000 2 0 0 0 7 2 0
0.0 0.069 0.998 0.211 1 0 3 0 64 -999999 999999 0 1 4 -999999 999999 0 1000 2 0 0 0 7 2 0
0.0 0.059 0.989 0.157 1 0 3 0 64 -999999 999999 0 1 4 -999999 999999 0 1000 2 0 0 0 7 2 0
0.0 0.366 0.994 0.175 1 0 3 0 64 -999999 999999 0 1 4 -999999 999999 0 1000 2 0 0 0 7 2 0
0.796 0.055 0.975 0.776 1 0 3 0 64 -999999 999999 0 1 4 -999999 999999 0 1000 2 0 0 0 7 2 0
0.0 0.055 0.27 0.325 1 0 3 0 64 -999999 999999 0 1 4 -999999 999999 0 1000 2 0 0 0 7 2 0
0.0 0.121 0.998 0.177 1 0 3 0 64 -999999 999999 0 1 4 -999999 999999 0 1000 2 0 0 0 7 2 0
0.0 0.011 0.872 0.263 1 0 3 0 64 -999999 999999 0 1 4 -999999 999999 0 1000 2 0 0 0 7 2 0
0.0 0.01 1.0 0.005 1 0 3 0 64 -999999 999999 0 1 4 -999999 999999 0 1000 2 0 0 0 7 2 0
0.0 0.023 1.0 0.107 1 0 3 0 64 -999999 999999 0 1 4 -999999 999999 0 1000 2 0 0 0 7 2 0
0.0 0.516 0.959 0.392 1 0 3 0 64 -999999 999999 0 1 4 -999999 999999 0 1000 2 0 0 0 7 2 0
0.0 0.003 0.996 0.119 1 0 3 0 64 -999999 999999 0 1 4 -999999 999999 0 1000 2 0 0 0 7 2 0
0.0 0.324 1.0 0.019 1 0 3 0 64 -999999 999999 0 1 4 -999999 999999 0 1000 2 0 0 0 7 2 0
0.0 0.112 0.985 0.015 1 0 3 0 64 -999999 999999 0 1 4 -999999 999999 0 1000 2 0 0 0 7 2 0
0.0 0.252 0.903 0.293 1 0 3 0 64 -999999 999999 0 1 4 -999999 999999 0 1000 2 0 0 0 7 2 0
0.0 0.385 0.972 0.301 1 0 3 0 64 -999999 999999 0 1 4 -999999 999999 0 1000 2 0 0 0 7 2 0
0.0 0.068 0.998 0.009 1 0 3 0 64 -999999 999999 0 1 4 -999999 999999 0 1000 2 0 0 0 7 2 0
0.0 0.36 0.992 0.221 1 0 3 0 64 -999999 999999 0 1 4 -999999 999999 0 1000 2 0 0 0 7 2 0
0.0 0.019 0.994 0.179 1 0 3 0 64 -999999 999999 0 1 4 -999999 999999 0 1000 2 0 0 0 7 2 0
0.0 0.001 0.746 0.007 1 0 3 0 64 -999999 999999 0 1 4 -999999 999999 0 1000 2 0 0 0 7 2 0
0.0 0.372 0.992 0.274 1 0 3 0 64 -999999 999999 0 1 4 -999999 999999 0 1000 2 0 0 0 7 2 0
0.0 0.001 0.833 0.533 1 0 3 0 64 -999999 999999 0 1 4 -999999 999999 0 1000 2 0 0 0 7 2 0
0.0 0.229 0.84 0.104 1 0 3 0 64 -999999 999999 0 1 4 -999999 999999 0 1000 2 0 0 0 7 2 0
0.0 0.04 0.985 0.065 1 0 3 0 64 -999999 999999 0 1 4 -999999 999999 0 1000 2 0 0 0 7 2 0
0.0 0.579 0.848 0.519 1 0 3 0 64 -999999 999999 0 1 4 -999999 999999 0 1000 2 0 0 0 7 2 0
0.0 0.009 0.999 0.029 1 0 3 0 64 -999999 999999 0 1 4 -999999 999999 0 1000 2 0 0 0 7 2 0
0.0 0.005 0.785 0.2 1 0 3 0 64 -999999 999999 0 1 4 -999999 999999 0 1000 2 0 0 0 7 2 0
0.0 0.002 0.873 0.019 1 0 3 0 64 -999999 999999 0 1 4 -999999 999999 0 1000 2 0 0 0 7 2 0
0.0 0.033 0.999 0.57 1 0 3 0 64 -999999 999999 0 1 4 -999999 999999 0 1000 2 0 0 0 7 2 0
0.0 0.115 0.981 0.006 1 0 3 0 64 -999999 999999 0 1 4 -999999 999999 0 1000 2 0 0 0 7 2 0
0.0 0.14 0.997 0.075 1 0 3 0 64 -999999 999999 0 1 4 -999999 999999 0 1000 2 0 0 0 7 2 0
0.0 0.087 0.989 0.263 1 0 3 0 64 -999999 999999 0 1 4 -999999 999999 0 1000 2 0 0 0 7 2 0
0.0 0.022 0.888 0.27 1 0 3 0 64 -999999 999999 0 1 4 -999999 999999 0 1000 2 0 0 0 7 2 0
0.0 0.007 0.933 0.063 1 0 3 0 64 -999999 999999 0 1 4 -999999 999999 0 1000 2 0 0 0 7 2 0
0.0 0.075 0.976 0.168 1 0 3 0 64 -999999 999999 0 1 4 -999999 999999 0 1000 2 0 0 0 7 2 0
0.0 0.027 0.801 0.041 1 0 3 0 64 -999999 999999 0 1 4 -999999 999999 0 1000 2 0 0 0 7 2 0
0.0 0.025 0.988 0.001 1 0 3 0 64 -999999 999999 0 1 4 -999999 999999 0 1000 2 0 0 0 7 2 0
0.0 0.182 0.954 0.232 1 0 3 0 64 -999999 999999 0 1 4 -999999 999999 0 1000 2 0 0 0 7 2 0
0.0 0.031 0.963 0.33 1 0 3 0 64 -999999 999999 0 1 4 -999999 999999 0 1000 2 0 0 0 7 2 0
0.0 0.139 0.896 0.048 1 0 3 0 64 -999999 999999 0 1 4 -999999 999999 0 1000 2 0 0 0 7 2 0
0.0 0.0 0.997 0.127 1 0 3 0 64 -999999 999999 0 1 4 -999999 999999 0 1000 2 0 0 0 7 2 0
0.0 0.007 0.996 0.052 1 0 3 0 64 -999999 999999 0 1 4 -999999 999999 0 1000 2 0 0 0 7 2 0
0.0 0.2 0.962 0.252 1 0 3 0 64 -999999 999999 0 1 4 -999999 999999 0 1000 2 0 0 0 7 2 0
0.0 0.028 0.214 0.019 1 0 3 0 64 -999999 999999 0 1 4 -999999 999999 0 1000 2 0 0 0 7 2 0
0.0 0.025 0.993 0.211 1 0 3 0 64 -999999 999999 0 1 4 -999999 999999 0 1000 2 0 0 0 7 2 0
0.0 0.006 0.992 0.074 1 0 3 0 64 -999999 999999 0 1 4 -999999 999999 0 1000 2 0 0 0 7 2 0
0.0 0.034 0.883 0.402 1 0 3 0 64 -999999 999999 0 1 4 -999999 999999 0 1000 2 0 0 0 7 2 0
0.0 0.735 0.961 0.228 1 0 3 0 64 -999999 999999 0 1 4 -999999 999999 0 1000 2 0 0 0 7 2 0
0.0 0.001 0.985 0.267 1 0 3 0 64 -999999 999999 0 1 4 -999999 999999 0 1000 2 0 0 0 7 2 0
0.0 0.097 0.962 0.006 1 0 3 0 64 -999999 999999 0 1 4 -999999 999999 0 1000 2 0 0 0 7 2 0
0.0 0.169 0.83 0.022 1 0 3 0 64 -999999 999999 0 1 4 -999999 999999 0 1000 2 0 0 0 7 2 0
0.0 0.34 0.968 0.478 1 0 3 0 64 -999999 999999 0 1 4 -999999 999999 0 1000 2 0 0 0 7 2 0
0.0 0.018 0.998 0.002 1 0 3 0 64 -999999 999999 0 1 4 -999999 999999 0 1000 2 0 0 0 7 2 0
0.0 0.002 0.975 0.023 1 0 3 0 64 -999999 999999 0 1 4 -999999 999999 0 1000 2 0 0 0 7 2 0
