-239.985 0.001 0.862 0.286 1 0 3 0 48 -999999 999999 0 1 4 -999999 999999 -999999 999999 2 0 0 0 7 2 0
-15.0 0.066 0.968 0.001 1 0 3 0 48 -999999 999999 0 1 4 -999999 999999 -999999 999999 2 0 0 0 7 2 0
-15.0 0.083 0.887 0.026 1 0 3 0 48 -999999 999999 0 1 4 -999999 999999 -999999 999999 2 0 0 0 7 2 0
-17.0 0.147 0.946 0.065 1 0 3 0 48 -999999 999999 0 1 4 -999999 999999 -999999 999999 2 0 0 0 7 2 0
-15.0 0.039 0.924 0.005 1 0 3 0 48 -999999 999999 0 1 4 -999999 999999 -999999 999999 2 0 0 0 7 2 0
-15.0 0.147 1.0 0.001 1 0 3 0 48 -999999 999999 0 1 4 -999999 999999 -999999 999999 2 0 0 0 7 2 0
-17.0 0.16 0.977 0.246 1 0 3 0 48 -999999 999999 0 1 4 -999999 999999 -999999 999999 2 0 0 0 7 2 0
-17.0 0.032 0.956 0.169 1 0 3 0 48 -999999 999999 0 1 4 -999999 999999 -999999 999999 2 0 0 0 7 2 0
-101.881 0.0 0.997 0.083 1 0 3 0 48 -999999 999999 0 1 4 -999999 999999 -999999 999999 2 0 0 0 7 2 0
-124.499 0.04 0.924 0.501 1 0 3 0 48 -999999 999999 0 1 4 -999999 999999 -999999 999999 2 0 0 0 7 2 0
-15.0 0.162 0.999 0.002 1 0 3 0 48 -999999 999999 0 1 4 -999999 999999 -999999 999999 2 0 0 0 7 2 0
-103.023 0.034 0.539 0.283 1 0 3 0 48 -999999 999999 0 1 4 -999999 999999 -999999 999999 2 0 0 0 7 2 0
-100.099 0.0 0.954 0.006 1 0 3 0 48 -999999 999999 0 1 4 -999999 999999 -999999 999999 2 0 0 0 7 2 0
-100.068 0.559 0.706 0.078 1 0 3 0 48 -999999 999999 0 1 4 -999999 999999 -999999 999999 2 0 0 0 7 2 0
-15.0 0.031 0.971 0.142 1 0 3 0 48 -999999 999999 0 1 4 -999999 999999 -999999 999999 2 0 0 0 7 2 0
-149.656 0.054 0.652 0.496 1 0 3 0 48 -999999 999999 0 1 4 -999999 999999 -999999 999999 2 0 0 0 7 2 0
-17.0 0.128 0.893 0.074 1 0 3 0 48 -999999 999999 0 1 4 -999999 999999 -999999 999999 2 0 0 0 7 2 0
-15.0 0.151 0.938 0.018 1 0 3 0 48 -999999 999999 0 1 4 -999999 999999 -999999 999999 2 0 0 0 7 2 0
-123.056 0.002 0.998 0.049 1 0 3 0 48 -999999 999999 0 1 4 -999999 999999 -999999 999999 2 0 0 0 7 2 0
-100.0 0.425 0.983 0.375 1 0 3 0 48 -999999 999999 0 1 4 -999999 999999 -999999 999999 2 0 0 0 7 2 0
-17.0 0.485 0.978 0.048 1 0 3 0 48 -999999 999999 0 1 4 -999999 999999 -999999 999999 2 0 0 0 7 2 0
-100.032 0.609 0.965 0.246 1 0 3 0 48 -999999 999999 0 1 4 -999999 999999 -999999 999999 2 0 0 0 7 2 0
-17.0 0.458 0.965 0.168 1 0 3 0 48 -999999 999999 0 1 4 -999999 999999 -999999 999999 2 0 0 0 7 2 0
-100.074 0.295 0.946 0.385 1 0 3 0 48 -999999 999999 0 1 4 -999999 999999 -999999 999999 2 0 0 0 7 2 0
-100.175 0.328 0.93 0.338 1 0 3 0 48 -999999 999999 0 1 4 -999999 999999 -999999 999999 2 0 0 0 7 2 0
-102.475 0.0 0.759 0.11 1 0 3 0 48 -999999 999999 0 1 4 -999999 999999 -999999 999999 2 0 0 0 7 2 0
-17.0 0.022 0.995 0.249 1 0 3 0 48 -999999 999999 0 1 4 -999999 999999 -999999 999999 2 0 0 0 7 2 0
-17.0 0.171 0.905 0.263 1 0 3 0 48 -999999 999999 0 1 4 -999999 999999 -999999 999999 2 0 0 0 7 2 0
-170.917 0.144 0.393 0.527 1 0 3 0 48 -999999 999999 0 1 4 -999999 999999 -999999 999999 2 0 0 0 7 2 0
-100.0 0.028 0.763 0.304 1 0 3 0 48 -999999 999999 0 1 4 -999999 999999 -999999 999999 2 0 0 0 7 2 0
-17.0 0.691 0.989 0.036 1 0 3 0 48 -999999 999999 0 1 4 -999999 999999 -999999 999999 2 0 0 0 7 2 0
-175.333 0.414 0.97 0.534 1 0 3 0 48 -999999 999999 0 1 4 -999999 999999 -999999 999999 2 0 0 0 7 2 0
-13.0 0.01 1.0 0.001 1 0 3 0 48 -999999 999999 0 1 4 -999999 999999 -999999 999999 2 0 0 0 7 2 0
-17.0 0.041 0.878 0.263 1 0 3 0 48 -999999 999999 0 1 4 -999999 999999 -999999 999999 2 0 0 0 7 2 0
-100.012 0.529 0.962 0.327 1 0 3 0 48 -999999 999999 0 1 4 -999999 999999 -999999 999999 2 0 0 0 7 2 0
-248.191 0.618 0.764 0.573 1 0 3 0 48 -999999 999999 0 1 4 -999999 999999 -999999 999999 2 0 0 0 7 2 0
-15.0 0.012 0.962 0.06 1 0 3 0 48 -999999 999999 0 1 4 -999999 999999 -999999 999999 2 0 0 0 7 2 0
-173.837 0.001 0.953 0.126 1 0 3 0 48 -999999 999999 0 1 4 -999999 999999 -999999 999999 2 0 0 0 7 2 0
-17.0 0.025 0.79 0.087 1 0 3 0 48 -999999 999999 0 1 4 -999999 999999 -999999 999999 2 0 0 0 7 2 0
-17.0 0.051 0.778 0.119 1 0 3 0 48 -999999 999999 0 1 4 -999999 999999 -999999 999999 2 0 0 0 7 2 0
-142.609 0.327 0.943 0.488 1 0 3 0 48 -999999 999999 0 1 4 -999999 999999 -999999 999999 2 0 0 0 7 2 0
-17.0 0.247 0.983 0.004 1 0 3 0 48 -999999 999999 0 1 4 -999999 999999 -999999 999999 2 0 0 0 7 2 0
-17.0 0.228 0.899 0.002 1 0 3 0 48 -999999 999999 0 1 4 -999999 999999 -999999 999999 2 0 0 0 7 2 0
-15.0 0.058 0.999 0.043 1 0 3 0 48 -999999 999999 0 1 4 -999999 999999 -999999 999999 2 0 0 0 7 2 0
-217.638 0.007 0.824 0.525 1 0 3 0 48 -999999 999999 0 1 4 -999999 999999 -999999 999999 2 0 0 0 7 2 0
-100.058 0.67 0.95 0.111 1 0 3 0 48 -999999 999999 0 1 4 -999999 999999 -999999 999999 2 0 0 0 7 2 0
-337.116 0.172 0.955 0.748 1 0 3 0 48 -999999 999999 0 1 4 -999999 999999 -999999 999999 2 0 0 0 7 2 0
-334.833 0.024 0.836 0.744 1 0 3 0 48 -999999 999999 0 1 4 -999999 999999 -999999 999999 2 0 0 0 7 2 0
-141.49 0.007 0.767 0.164 1 0 3 0 48 -999999 999999 0 1 4 -999999 999999 -999999 999999 2 0 0 0 7 2 0
-120.581 0.005 0.563 0.053 1 0 3 0 48 -999999 999999 0 1 4 -999999 999999 -999999 999999 2 0 0 0 7 2 0
-140.377 0.002 0.587 0.07 1 0 3 0 48 -999999 999999 0 1 4 -999999 999999 -999999 999999 2 0 0 0 7 2 0
-15.0 0.021 1.0 0.005 1 0 3 0 48 -999999 999999 0 1 4 -999999 999999 -999999 999999 2 0 0 0 7 2 0
-17.0 0.023 0.896 0.236 1 0 3 0 48 -999999 999999 0 1 4 -999999 999999 -999999 999999 2 0 0 0 7 2 0
-249.448 0.0 0.997 0.659 1 0 3 0 48 -999999 999999 0 1 4 -999999 999999 -999999 999999 2 0 0 0 7 2 0
-17.0 0.057 0.885 0.081 1 0 3 0 48 -999999 999999 0 1 4 -999999 999999 -999999 999999 2 0 0 0 7 2 0
-17.0 0.101 0.876 0.048 1 0 3 0 48 -999999 999999 0 1 4 -999999 999999 -999999 999999 2 0 0 0 7 2 0
-109.738 0.401 0.705 0.163 1 0 3 0 48 -999999 999999 0 1 4 -999999 999999 -999999 999999 2 0 0 0 7 2 0
-15.0 0.052 1.0 0.047 1 0 3 0 48 -999999 999999 0 1 4 -999999 999999 -999999 999999 2 0 0 0 7 2 0
-17.0 0.127 0.995 0.042 1 0 3 0 48 -999999 999999 0 1 4 -999999 999999 -999999 999999 2 0 0 0 7 2 0
-17.0 0.072 0.968 0.26 1 0 3 0 48 -999999 999999 0 1 4 -999999 999999 -999999 999999 2 0 0 0 7 2 0
-100.13 0.065 0.828 0.309 1 0 3 0 48 -999999 999999 0 1 4 -999999 999999 -999999 999999 2 0 0 0 7 2 0
-17.0 0.343 0.984 0.216 1 0 3 0 48 -999999 999999 0 1 4 -999999 999999 -999999 999999 2 0 0 0 7 2 0
-15.0 0.16 0.871 0.005 1 0 3 0 48 -999999 999999 0 1 4 -999999 999999 -999999 999999 2 0 0 0 7 2 0
-15.0 0.031 0.918 0.045 1 0 3 0 48 -999999 999999 0 1 4 -999999 999999 -999999 999999 2 0 0 0 7 2 0
-100.061 0.292 0.49 0.099 1 0 3 0 48 -999999 999999 0 1 4 -999999 999999 -999999 999999 2 0 0 0 7 2 0
-100.0 0.0 0.786 0.0 1 0 3 0 48 -999999 999999 0 1 4 -999999 999999 -999999 999999 2 0 0 0 7 2 0
-171.793 0.006 0.87 0.302 1 0 3 0 48 -999999 999999 0 1 4 -999999 999999 -999999 999999 2 0 0 0 7 2 0
-106.293 0.001 0.903 0.012 1 0 3 0 48 -999999 999999 0 1 4 -999999 999999 -999999 999999 2 0 0 0 7 2 0
-17.0 0.217 0.944 0.123 1 0 3 0 48 -999999 999999 0 1 4 -999999 999999 -999999 999999 2 0 0 0 7 2 0
-17.0 0.094 0.939 0.224 1 0 3 0 48 -999999 999999 0 1 4 -999999 999999 -999999 999999 2 0 0 0 7 2 0
-112.235 0.014 0.779 0.238 1 0 3 0 48 -999999 999999 0 1 4 -999999 999999 -999999 999999 2 0 0 0 7 2 0
-15.0 0.021 0.961 0.006 1 0 3 0 48 -999999 999999 0 1 4 -999999 999999 -999999 999999 2 0 0 0 7 2 0
-100.073 0.42 0.679 0.002 1 0 3 0 48 -999999 999999 0 1 4 -999999 999999 -999999 999999 2 0 0 0 7 2 0
-120.14 0.378 0.932 0.411 1 0 3 0 48 -999999 999999 0 1 4 -999999 999999 -999999 999999 2 0 0 0 7 2 0
-17.0 0.019 0.907 0.264 1 0 3 0 48 -999999 999999 0 1 4 -999999 999999 -999999 999999 2 0 0 0 7 2 0
-113.662 0.0 0.992 0.288 1 0 3 0 48 -999999 999999 0 1 4 -999999 999999 -999999 999999 2 0 0 0 7 2 0
-15.0 0.059 0.899 0.003 1 0 3 0 48 -999999 999999 0 1 4 -999999 999999 -999999 999999 2 0 0 0 7 2 0
-17.0 0.331 0.969 0.004 1 0 3 0 48 -999999 999999 0 1 4 -999999 999999 -999999 999999 2 0 0 0 7 2 0
-15.0 0.069 0.783 0.019 1 0 3 0 48 -999999 999999 0 1 4 -999999 999999 -999999 999999 2 0 0 0 7 2 0
-17.0 0.212 0.97 0.393 1 0 3 0 48 -999999 999999 0 1 4 -999999 999999 -999999 999999 2 0 0 0 7 2 0
-282.536 0.001 0.779 0.442 1 0 3 0 48 -999999 999999 0 1 4 -999999 999999 -999999 999999 2 0 0 0 7 2 0
-17.0 0.165 0.981 0.19 1 0 3 0 48 -999999 999999 0 1 4 -999999 999999 -999999 999999 2 0 0 0 7 2 0
-17.0 0.073 0.865 0.23 1 0 3 0 48 -999999 999999 0 1 4 -999999 999999 -999999 999999 2 0 0 0 7 2 0
-235.213 0.019 0.927 0.647 1 0 3 0 48 -999999 999999 0 1 4 -999999 999999 -999999 999999 2 0 0 0 7 2 0
-109.37 0.011 0.997 0.101 1 0 3 0 48 -999999 999999 0 1 4 -999999 999999 -999999 999999 2 0 0 0 7 2 0
-17.0 0.154 0.966 0.108 1 0 3 0 48 -999999 999999 0 1 4 -999999 999999 -999999 999999 2 0 0 0 7 2 0
-145.669 0.219 0.472 0.449 1 0 3 0 48 -999999 999999 0 1 4 -999999 999999 -999999 999999 2 0 0 0 7 2 0
-100.037 0.197 0.892 0.382 1 0 3 0 48 -999999 999999 0 1 4 -999999 999999 -999999 999999 2 0 0 0 7 2 0
-100.0 0.305 0.988 0.398 1 0 3 0 48 -999999 999999 0 1 4 -999999 999999 -999999 999999 2 0 0 0 7 2 0
-17.0 0.416 1.0 0.151 1 0 3 0 48 -999999 999999 0 1 4 -999999 999999 -999999 999999 2 0 0 0 7 2 0
-100.024 0.132 0.907 0.413 1 0 3 0 48 -999999 999999 0 1 4 -999999 999999 -999999 999999 2 0 0 0 7 2 0
-17.0 0.026 0.831 0.185 1 0 3 0 48 -999999 999999 0 1 4 -999999 999999 -999999 999999 2 0 0 0 7 2 0
-17.0 0.04 0.86 0.122 1 0 3 0 48 -999999 999999 0 1 4 -999999 999999 -999999 999999 2 0 0 0 7 2 0
-17.0 0.141 0.999 0.045 1 0 3 0 48 -999999 999999 0 1 4 -999999 999999 -999999 999999 2 0 0 0 7 2 0
-167.278 0.0 0.864 0.521 1 0 3 0 48 -999999 999999 0 1 4 -999999 999999 -999999 999999 2 0 0 0 7 2 0
-100.055 0.379 0.751 0.105 1 0 3 0 48 -999999 999999 0 1 4 -999999 999999 -999999 999999 2 0 0 0 7 2 0
-186.776 0.161 0.802 0.593 1 0 3 0 48 -999999 999999 0 1 4 -999999 999999 -999999 999999 2 0 0 0 7 2 0
-230.001 0.282 0.997 0.664 1 0 3 0 48 -999999 999999 0 1 4 -999999 999999 -999999 999999 2 0 0 0 7 2 0
-187.473 0.13 0.882 0.596 1 0 3 0 48 -999999 999999 0 1 4 -999999 999999 -999999 999999 2 0 0 0 7 2 0
-131.96 0.022 0.997 0.45 1 0 3 0 48 -999999 999999 0 1 4 -999999 999999 -999999 999999 2 0 0 0 7 2 0
-100.021 0.67 0.921 0.046 1 0 3 0 48 -999999 999999 0 1 4 -999999 999999 -999999 999999 2 0 0 0 7 2 0
-100.0 0.124 0.947 0.42 1 0 3 0 48 -999999 999999 0 1 4 -999999 999999 -999999 999999 2 0 0 0 7 2 0
-17.0 0.292 0.944 0.097 1 0 3 0 48 -999999 999999 0 1 4 -999999 999999 -999999 999999 2 0 0 0 7 2 0
-158.898 0.006 0.949 0.231 1 0 3 0 48 -999999 999999 0 1 4 -999999 999999 -999999 999999 2 0 0 0 7 2 0
-17.0 0.188 0.959 0.158 1 0 3 0 48 -999999 999999 0 1 4 -999999 999999 -999999 999999 2 0 0 0 7 2 0
-15.0 0.284 0.992 0.011 1 0 3 0 48 -999999 999999 0 1 4 -999999 999999 -999999 999999 2 0 0 0 7 2 0
-17.0 0.06 0.997 0.414 1 0 3 0 48 -999999 999999 0 1 4 -999999 999999 -999999 999999 2 0 0 0 7 2 0
-15.0 0.094 0.943 0.003 1 0 3 0 48 -999999 999999 0 1 4 -999999 999999 -999999 999999 2 0 0 0 7 2 0
-17.0 0.148 0.952 0.306 1 0 3 0 48 -999999 999999 0 1 4 -999999 999999 -999999 999999 2 0 0 0 7 2 0
-246.789 0.643 0.946 0.564 1 0 3 0 48 -999999 999999 0 1 4 -999999 999999 -999999 999999 2 0 0 0 7 2 0
-17.0 0.16 0.938 0.063 1 0 3 0 48 -999999 999999 0 1 4 -999999 999999 -999999 999999 2 0 0 0 7 2 0
-15.0 0.107 0.998 0.043 1 0 3 0 48 -999999 999999 0 1 4 -999999 999999 -999999 999999 2 0 0 0 7 2 0
-110.165 0.009 0.76 0.068 1 0 3 0 48 -999999 999999 0 1 4 -999999 999999 -999999 999999 2 0 0 0 7 2 0
-15.0 0.066 0.998 0.015 1 0 3 0 48 -999999 999999 0 1 4 -999999 999999 -999999 999999 2 0 0 0 7 2 0
-17.0 0.05 0.899 0.112 1 0 3 0 48 -999999 999999 0 1 4 -999999 999999 -999999 999999 2 0 0 0 7 2 0
-150.707 0.019 0.999 0.496 1 0 3 0 48 -999999 999999 0 1 4 -999999 999999 -999999 999999 2 0 0 0 7 2 0
-100.764 0.004 0.962 0.013 1 0 3 0 48 -999999 999999 0 1 4 -999999 999999 -999999 999999 2 0 0 0 7 2 0
-100.056 0.38 0.461 0.061 1 0 3 0 48 -999999 999999 0 1 4 -999999 999999 -999999 999999 2 0 0 0 7 2 0
-105.282 0.018 0.997 0.256 1 0 3 0 48 -999999 999999 0 1 4 -999999 999999 -999999 999999 2 0 0 0 7 2 0
-139.143 0.165 0.556 0.45 1 0 3 0 48 -999999 999999 0 1 4 -999999 999999 -999999 999999 2 0 0 0 7 2 0
-17.0 0.188 0.976 0.386 1 0 3 0 48 -999999 999999 0 1 4 -999999 999999 -999999 999999 2 0 0 0 7 2 0
-17.0 0.052 0.997 0.228 1 0 3 0 48 -999999 999999 0 1 4 -999999 999999 -999999 999999 2 0 0 0 7 2 0
-100.024 0.244 0.852 0.327 1 0 3 0 48 -999999 999999 0 1 4 -999999 999999 -999999 999999 2 0 0 0 7 2 0
-104.93 0.001 0.997 0.005 1 0 3 0 48 -999999 999999 0 1 4 -999999 999999 -999999 999999 2 0 0 0 7 2 0
-147.733 0.046 0.937 0.559 1 0 3 0 48 -999999 999999 0 1 4 -999999 999999 -999999 999999 2 0 0 0 7 2 0
-17.0 0.217 0.966 0.12 1 0 3 0 48 -999999 999999 0 1 4 -999999 999999 -999999 999999 2 0 0 0 7 2 0
-17.0 0.218 0.926 0.091 1 0 3 0 48 -999999 999999 0 1 4 -999999 999999 -999999 999999 2 0 0 0 7 2 0
-100.0 0.503 0.98 0.202 1 0 3 0 48 -999999 999999 0 1 4 -999999 999999 -999999 999999 2 0 0 0 7 2 0
-304.017 0.028 0.964 0.717 1 0 3 0 48 -999999 999999 0 1 4 -999999 999999 -999999 999999 2 0 0 0 7 2 0
-114.531 0.003 0.89 0.037 1 0 3 0 48 -999999 999999 0 1 4 -999999 999999 -999999 999999 2 0 0 0 7 2 0
-104.158 0.0 0.985 0.165 1 0 3 0 48 -999999 999999 0 1 4 -999999 999999 -999999 999999 2 0 0 0 7 2 0
-121.599 0.09 0.961 0.53 1 0 3 0 48 -999999 999999 0 1 4 -999999 999999 -999999 999999 2 0 0 0 7 2 0
-259.092 0.002 0.981 0.458 1 0 3 0 48 -999999 999999 0 1 4 -999999 999999 -999999 999999 2 0 0 0 7 2 0
-100.064 0.768 0.899 0.001 1 0 3 0 48 -999999 999999 0 1 4 -999999 999999 -999999 999999 2 0 0 0 7 2 0
-487.186 0.561 0.938 0.779 1 0 3 0 48 -999999 999999 0 1 4 -999999 999999 -999999 999999 2 0 0 0 7 2 0
-100.023 0.385 0.906 0.085 1 0 3 0 48 -999999 999999 0 1 4 -999999 999999 -999999 999999 2 0 0 0 7 2 0
-104.87 0.108 0.646 0.299 1 0 3 0 48 -999999 999999 0 1 4 -999999 999999 -999999 999999 2 0 0 0 7 2 0
-146.572 0.762 0.917 0.287 1 0 3 0 48 -999999 999999 0 1 4 -999999 999999 -999999 999999 2 0 0 0 7 2 0
-100.013 0.429 0.939 0.092 1 0 3 0 48 -999999 999999 0 1 4 -999999 999999 -999999 999999 2 0 0 0 7 2 0
-100.0 0.17 0.999 0.182 1 0 3 0 48 -999999 999999 0 1 4 -999999 999999 -999999 999999 2 0 0 0 7 2 0
-111.647 0.012 0.905 0.148 1 0 3 0 48 -999999 999999 0 1 4 -999999 999999 -999999 999999 2 0 0 0 7 2 0
-15.0 0.083 0.891 0.032 1 0 3 0 48 -999999 999999 0 1 4 -999999 999999 -999999 999999 2 0 0 0 7 2 0
-17.0 0.061 0.81 0.227 1 0 3 0 48 -999999 999999 0 1 4 -999999 999999 -999999 999999 2 0 0 0 7 2 0
-102.952 0.033 1.0 0.399 1 0 3 0 48 -999999 999999 0 1 4 -999999 999999 -999999 999999 2 0 0 0 7 2 0
-15.0 0.093 0.947 0.027 1 0 3 0 48 -999999 999999 0 1 4 -999999 999999 -999999 999999 2 0 0 0 7 2 0
-17.0 0.651 0.999 0.103 1 0 3 0 48 -999999 999999 0 1 4 -999999 999999 -999999 999999 2 0 0 0 7 2 0
-15.0 0.031 0.915 0.047 1 0 3 0 48 -999999 999999 0 1 4 -999999 999999 -999999 999999 2 0 0 0 7 2 0
-103.168 0.0 0.874 0.117 1 0 3 0 48 -999999 999999 0 1 4 -999999 999999 -999999 999999 2 0 0 0 7 2 0
-15.0 0.049 0.938 0.035 1 0 3 0 48 -999999 999999 0 1 4 -999999 999999 -999999 999999 2 0 0 0 7 2 0
-241.596 0.005 0.985 0.543 1 0 3 0 48 -999999 999999 0 1 4 -999999 999999 -999999 999999 2 0 0 0 7 2 0
-15.0 0.01 0.965 0.015 1 0 3 0 48 -999999 999999 0 1 4 -999999 999999 -999999 999999 2 0 0 0 7 2 0
-100.066 0.16 0.852 0.1 1 0 3 0 48 -999999 999999 0 1 4 -999999 999999 -999999 999999 2 0 0 0 7 2 0
-17.0 0.024 0.933 0.227 1 0 3 0 48 -999999 999999 0 1 4 -999999 999999 -999999 999999 2 0 0 0 7 2 0
-17.0 0.216 0.937 0.22 1 0 3 0 48 -999999 999999 0 1 4 -999999 999999 -999999 999999 2 0 0 0 7 2 0
-17.0 0.137 0.888 0.158 1 0 3 0 48 -999999 999999 0 1 4 -999999 999999 -999999 999999 2 0 0 0 7 2 0
-120.711 0.006 0.972 0.076 1 0 3 0 48 -999999 999999 0 1 4 -999999 999999 -999999 999999 2 0 0 0 7 2 0
-17.0 0.115 0.936 0.184 1 0 3 0 48 -999999 999999 0 1 4 -999999 999999 -999999 999999 2 0 0 0 7 2 0
-100.0 0.264 0.92 0.063 1 0 3 0 48 -999999 999999 0 1 4 -999999 999999 -999999 999999 2 0 0 0 7 2 0
-17.0 0.111 0.98 0.237 1 0 3 0 48 -999999 999999 0 1 4 -999999 999999 -999999 999999 2 0 0 0 7 2 0
-135.946 0.002 0.975 0.069 1 0 3 0 48 -999999 999999 0 1 4 -999999 999999 -999999 999999 2 0 0 0 7 2 0
-100.0 0.121 0.927 0.316 1 0 3 0 48 -999999 999999 0 1 4 -999999 999999 -999999 999999 2 0 0 0 7 2 0
-122.546 0.003 0.9 0.053 1 0 3 0 48 -999999 999999 0 1 4 -999999 999999 -999999 999999 2 0 0 0 7 2 0
-17.0 0.052 0.998 0.166 1 0 3 0 48 -999999 999999 0 1 4 -999999 999999 -999999 999999 2 0 0 0 7 2 0
-111.43 0.629 0.453 0.17 1 0 3 0 48 -999999 999999 0 1 4 -999999 999999 -999999 999999 2 0 0 0 7 2 0
-17.0 0.549 0.948 0.014 1 0 3 0 48 -999999 999999 0 1 4 -999999 999999 -999999 999999 2 0 0 0 7 2 0
-100.093 0.03 0.691 0.363 1 0 3 0 48 -999999 999999 0 1 4 -999999 999999 -999999 999999 2 0 0 0 7 2 0
-17.0 0.411 0.988 0.193 1 0 3 0 48 -999999 999999 0 1 4 -999999 999999 -999999 999999 2 0 0 0 7 2 0
-15.0 0.022 0.969 0.101 1 0 3 0 48 -999999 999999 0 1 4 -999999 999999 -999999 999999 2 0 0 0 7 2 0
-17.0 0.221 0.999 0.158 1 0 3 0 48 -999999 999999 0 1 4 -999999 999999 -999999 999999 2 0 0 0 7 2 0
-123.859 0.0 0.874 0.364 1 0 3 0 48 -999999 999999 0 1 4 -999999 999999 -999999 999999 2 0 0 0 7 2 0
-17.0 0.355 0.962 0.006 1 0 3 0 48 -999999 999999 0 1 4 -999999 999999 -999999 999999 2 0 0 0 7 2 0
-189.267 0.005 0.772 0.371 1 0 3 0 48 -999999 999999 0 1 4 -999999 999999 -999999 999999 2 0 0 0 7 2 0
-125.975 0.007 0.991 0.101 1 0 3 0 48 -999999 999999 0 1 4 -999999 999999 -999999 999999 2 0 0 0 7 2 0
-17.0 0.092 0.989 0.33 1 0 3 0 48 -999999 999999 0 1 4 -999999 999999 -999999 999999 2 0 0 0 7 2 0
-100.009 0.493 0.739 0.178 1 0 3 0 48 -999999 999999 0 1 4 -999999 999999 -999999 999999 2 0 0 0 7 2 0
-17.0 0.034 0.995 0.217 1 0 3 0 48 -999999 999999 0 1 4 -999999 999999 -999999 999999 2 0 0 0 7 2 0
-17.0 0.12 0.99 0.147 1 0 3 0 48 -999999 999999 0 1 4 -999999 999999 -999999 999999 2 0 0 0 7 2 0
-17.0 0.12 0.84 0.05 1 0 3 0 48 -999999 999999 0 1 4 -999999 999999 -999999 999999 2 0 0 0 7 2 0
-17.0 0.24 0.92 0.058 1 0 3 0 48 -999999 999999 0 1 4 -999999 999999 -999999 999999 2 0 0 0 7 2 0
-15.0 0.062 0.983 0.011 1 0 3 0 48 -999999 999999 0 1 4 -999999 999999 -999999 999999 2 0 0 0 7 2 0
-146.25 0.378 0.862 0.449 1 0 3 0 48 -999999 999999 0 1 4 -999999 999999 -999999 999999 2 0 0 0 7 2 0
-15.0 0.274 0.915 0.014 1 0 3 0 48 -999999 999999 0 1 4 -999999 999999 -999999 999999 2 0 0 0 7 2 0
-114.856 0.043 0.776 0.457 1 0 3 0 48 -999999 999999 0 1 4 -999999 999999 -999999 999999 2 0 0 0 7 2 0
-132.942 0.023 0.78 0.484 1 0 3 0 48 -999999 999999 0 1 4 -999999 999999 -999999 999999 2 0 0 0 7 2 0
-17.0 0.059 0.734 0.049 1 0 3 0 48 -999999 999999 0 1 4 -999999 999999 -999999 999999 2 0 0 0 7 2 0
-221.035 0.007 0.798 0.541 1 0 3 0 48 -999999 999999 0 1 4 -999999 999999 -999999 999999 2 0 0 0 7 2 0
-15.0 0.038 1.0 0.104 1 0 3 0 48 -999999 999999 0 1 4 -999999 999999 -999999 999999 2 0 0 0 7 2 0
-100.062 0.177 0.811 0.26 1 0 3 0 48 -999999 999999 0 1 4 -999999 999999 -999999 999999 2 0 0 0 7 2 0
-17.0 0.052 0.935 0.19 1 0 3 0 48 -999999 999999 0 1 4 -999999 999999 -999999 999999 2 0 0 0 7 2 0
-255.617 0.001 0.995 0.363 1 0 3 0 48 -999999 999999 0 1 4 -999999 999999 -999999 999999 2 0 0 0 7 2 0
-100.07 0.027 1.0 0.34 1 0 3 0 48 -999999 999999 0 1 4 -999999 999999 -999999 999999 2 0 0 0 7 2 0
-17.0 0.081 0.984 0.259 1 0 3 0 48 -999999 999999 0 1 4 -999999 999999 -999999 999999 2 0 0 0 7 2 0
-161.379 0.0 0.768 0.515 1 0 3 0 48 -999999 999999 0 1 4 -999999 999999 -999999 999999 2 0 0 0 7 2 0
-108.292 0.265 0.682 0.188 1 0 3 0 48 -999999 999999 0 1 4 -999999 999999 -999999 999999 2 0 0 0 7 2 0
-257.085 0.064 0.999 0.701 1 0 3 0 48 -999999 999999 0 1 4 -999999 999999 -999999 999999 2 0 0 0 7 2 0
-332.068 0.024 0.944 0.743 1 0 3 0 48 -999999 999999 0 1 4 -999999 999999 -999999 999999 2 0 0 0 7 2 0
-113.576 0.047 0.972 0.473 1 0 3 0 48 -999999 999999 0 1 4 -999999 999999 -999999 999999 2 0 0 0 7 2 0
-108.108 0.018 0.961 0.292 1 0 3 0 48 -999999 999999 0 1 4 -999999 999999 -999999 999999 2 0 0 0 7 2 0
-107.125 0.098 0.988 0.478 1 0 3 0 48 -999999 999999 0 1 4 -999999 999999 -999999 999999 2 0 0 0 7 2 0
-189.995 0.005 0.979 0.37 1 0 3 0 48 -999999 999999 0 1 4 -999999 999999 -999999 999999 2 0 0 0 7 2 0
-289.456 0.006 0.996 0.642 1 0 3 0 48 -999999 999999 0 1 4 -999999 999999 -999999 999999 2 0 0 0 7 2 0
-730.621 0.256 1.0 0.898 1 0 3 0 48 -999999 999999 0 1 4 -999999 999999 -999999 999999 2 0 0 0 7 2 0
-100.0 0.431 0.974 0.055 1 0 3 0 48 -999999 999999 0 1 4 -999999 999999 -999999 999999 2 0 0 0 7 2 0
-295.909 0.011 0.836 0.696 1 0 3 0 48 -999999 999999 0 1 4 -999999 999999 -999999 999999 2 0 0 0 7 2 0
-198.986 0.098 0.874 0.61 1 0 3 0 48 -999999 999999 0 1 4 -999999 999999 -999999 999999 2 0 0 0 7 2 0
-100.006 0.43 0.828 0.173 1 0 3 0 48 -999999 999999 0 1 4 -999999 999999 -999999 999999 2 0 0 0 7 2 0
-15.0 0.109 0.979 0.05 1 0 3 0 48 -999999 999999 0 1 4 -999999 999999 -999999 999999 2 0 0 0 7 2 0
-100.0 0.349 0.972 0.247 1 0 3 0 48 -999999 999999 0 1 4 -999999 999999 -999999 999999 2 0 0 0 7 2 0
-206.415 0.005 1.0 0.445 1 0 3 0 48 -999999 999999 0 1 4 -999999 999999 -999999 999999 2 0 0 0 7 2 0
-17.0 0.464 0.973 0.112 1 0 3 0 48 -999999 999999 0 1 4 -999999 999999 -999999 999999 2 0 0 0 7 2 0
-100.083 0.326 0.539 0.013 1 0 3 0 48 -999999 999999 0 1 4 -999999 999999 -999999 999999 2 0 0 0 7 2 0
-15.0 0.018 0.993 0.017 1 0 3 0 48 -999999 999999 0 1 4 -999999 999999 -999999 999999 2 0 0 0 7 2 0
-226.427 0.04 0.953 0.656 1 0 3 0 48 -999999 999999 0 1 4 -999999 999999 -999999 999999 2 0 0 0 7 2 0
-100.03 0.187 0.622 0.171 1 0 3 0 48 -999999 999999 0 1 4 -999999 999999 -999999 999999 2 0 0 0 7 2 0
-15.0 0.021 0.968 0.016 1 0 3 0 48 -999999 999999 0 1 4 -999999 999999 -999999 999999 2 0 0 0 7 2 0
-172.473 0.001 0.95 0.115 1 0 3 0 48 -999999 999999 0 1 4 -999999 999999 -999999 999999 2 0 0 0 7 2 0
-15.0 0.116 0.973 0.032 1 0 3 0 48 -999999 999999 0 1 4 -999999 999999 -999999 999999 2 0 0 0 7 2 0
-115.572 0.013 0.999 0.215 1 0 3 0 48 -999999 999999 0 1 4 -999999 999999 -999999 999999 2 0 0 0 7 2 0
-101.782 0.0 1.0 0.067 1 0 3 0 48 -999999 999999 0 1 4 -999999 999999 -999999 999999 2 0 0 0 7 2 0
-149.827 0.152 0.984 0.569 1 0 3 0 48 -999999 999999 0 1 4 -999999 999999 -999999 999999 2 0 0 0 7 2 0
-15.0 0.034 0.996 0.047 1 0 3 0 48 -999999 999999 0 1 4 -999999 999999 -999999 999999 2 0 0 0 7 2 0
-17.0 0.108 1.0 0.209 1 0 3 0 48 -999999 999999 0 1 4 -999999 999999 -999999 999999 2 0 0 0 7 2 0
-140.469 0.01 0.941 0.292 1 0 3 0 48 -999999 999999 0 1 4 -999999 999999 -999999 999999 2 0 0 0 7 2 0
-108.057 0.708 0.992 0.315 1 0 3 0 48 -999999 999999 0 1 4 -999999 999999 -999999 999999 2 0 0 0 7 2 0
-15.0 0.048 0.973 0.018 1 0 3 0 48 -999999 999999 0 1 4 -999999 999999 -999999 999999 2 0 0 0 7 2 0
-17.0 0.301 0.992 0.424 1 0 3 0 48 -999999 999999 0 1 4 -999999 999999 -999999 999999 2 0 0 0 7 2 0
-17.0 0.119 0.938 0.104 1 0 3 0 48 -999999 999999 0 1 4 -999999 999999 -999999 999999 2 0 0 0 7 2 0
-17.0 0.236 0.996 0.249 1 0 3 0 48 -999999 999999 0 1 4 -999999 999999 -999999 999999 2 0 0 0 7 2 0
-109.564 0.002 0.968 0.024 1 0 3 0 48 -999999 999999 0 1 4 -999999 999999 -999999 999999 2 0 0 0 7 2 0
-15.0 0.035 0.942 0.022 1 0 3 0 48 -999999 999999 0 1 4 -999999 999999 -999999 999999 2 0 0 0 7 2 0
-103.906 0.33 0.978 0.465 1 0 3 0 48 -999999 999999 0 1 4 -999999 999999 -999999 999999 2 0 0 0 7 2 0
-179.339 0.003 0.981 0.185 1 0 3 0 48 -999999 999999 0 1 4 -999999 999999 -999999 999999 2 0 0 0 7 2 0
-252.237 0.002 0.949 0.469 1 0 3 0 48 -999999 999999 0 1 4 -999999 999999 -999999 999999 2 0 0 0 7 2 0
-17.0 0.039 0.996 0.305 1 0 3 0 48 -999999 999999 0 1 4 -999999 999999 -999999 999999 2 0 0 0 7 2 0
-143.579 0.423 0.989 0.539 1 0 3 0 48 -999999 999999 0 1 4 -999999 999999 -999999 999999 2 0 0 0 7 2 0
-17.0 0.031 1.0 0.337 1 0 3 0 48 -999999 999999 0 1 4 -999999 999999 -999999 999999 2 0 0 0 7 2 0
-118.271 0.011 1.0 0.138 1 0 3 0 48 -999999 999999 0 1 4 -999999 999999 -999999 999999 2 0 0 0 7 2 0
-15.0 0.032 0.746 0.008 1 0 3 0 48 -999999 999999 0 1 4 -999999 999999 -999999 999999 2 0 0 0 7 2 0
-17.0 0.103 0.999 0.337 1 0 3 0 48 -999999 999999 0 1 4 -999999 999999 -999999 999999 2 0 0 0 7 2 0
-17.0 0.127 0.989 0.249 1 0 3 0 48 -999999 999999 0 1 4 -999999 999999 -999999 999999 2 0 0 0 7 2 0
-15.0 0.057 0.892 0.055 1 0 3 0 48 -999999 999999 0 1 4 -999999 999999 -999999 999999 2 0 0 0 7 2 0
-15.0 0.033 0.884 0.009 1 0 3 0 48 -999999 999999 0 1 4 -999999 999999 -999999 999999 2 0 0 0 7 2 0
-17.0 0.145 0.999 0.274 1 0 3 0 48 -999999 999999 0 1 4 -999999 999999 -999999 999999 2 0 0 0 7 2 0
-17.0 0.032 0.971 0.232 1 0 3 0 48 -999999 999999 0 1 4 -999999 999999 -999999 999999 2 0 0 0 7 2 0
-118.623 0.355 0.904 0.356 1 0 3 0 48 -999999 999999 0 1 4 -999999 999999 -999999 999999 2 0 0 0 7 2 0
-100.062 0.168 0.729 0.251 1 0 3 0 48 -999999 999999 0 1 4 -999999 999999 -999999 999999 2 0 0 0 7 2 0
-17.0 0.566 0.979 0.104 1 0 3 0 48 -999999 999999 0 1 4 -999999 999999 -999999 999999 2 0 0 0 7 2 0
-15.0 0.101 0.995 0.081 1 0 3 0 48 -999999 999999 0 1 4 -999999 999999 -999999 999999 2 0 0 0 7 2 0
-17.0 0.129 0.919 0.084 1 0 3 0 48 -999999 999999 0 1 4 -999999 999999 -999999 999999 2 0 0 0 7 2 0
-15.0 0.02 0.948 0.024 1 0 3 0 48 -999999 999999 0 1 4 -999999 999999 -999999 999999 2 0 0 0 7 2 0
-121.817 0.303 0.987 0.491 1 0 3 0 48 -999999 999999 0 1 4 -999999 999999 -999999 999999 2 0 0 0 7 2 0
-17.0 0.073 0.952 0.226 1 0 3 0 48 -999999 999999 0 1 4 -999999 999999 -999999 999999 2 0 0 0 7 2 0
-129.922 0.028 0.933 0.477 1 0 3 0 48 -999999 999999 0 1 4 -999999 999999 -999999 999999 2 0 0 0 7 2 0
-17.0 0.037 0.798 0.192 1 0 3 0 48 -999999 999999 0 1 4 -999999 999999 -999999 999999 2 0 0 0 7 2 0
-15.0 0.095 0.929 0.002 1 0 3 0 48 -999999 999999 0 1 4 -999999 999999 -999999 999999 2 0 0 0 7 2 0
-15.0 0.134 1.0 0.038 1 0 3 0 48 -999999 999999 0 1 4 -999999 999999 -999999 999999 2 0 0 0 7 2 0
-17.0 0.069 1.0 0.105 1 0 3 0 48 -999999 999999 0 1 4 -999999 999999 -999999 999999 2 0 0 0 7 2 0
-112.698 0.011 0.996 0.143 1 0 3 0 48 -999999 999999 0 1 4 -999999 999999 -999999 999999 2 0 0 0 7 2 0
-100.001 0.372 0.883 0.058 1 0 3 0 48 -999999 999999 0 1 4 -999999 999999 -999999 999999 2 0 0 0 7 2 0
-163.155 0.003 0.938 0.141 1 0 3 0 48 -999999 999999 0 1 4 -999999 999999 -999999 999999 2 0 0 0 7 2 0
-17.0 0.065 0.987 0.167 1 0 3 0 48 -999999 999999 0 1 4 -999999 999999 -999999 999999 2 0 0 0 7 2 0
-17.0 0.156 0.983 0.06 1 0 3 0 48 -999999 999999 0 1 4 -999999 999999 -999999 999999 2 0 0 0 7 2 0
-189.452 0.002 0.897 0.186 1 0 3 0 48 -999999 999999 0 1 4 -999999 999999 -999999 999999 2 0 0 0 7 2 0
-17.0 0.126 0.998 0.068 1 0 3 0 48 -999999 999999 0 1 4 -999999 999999 -999999 999999 2 0 0 0 7 2 0
-17.0 0.026 0.897 0.109 1 0 3 0 48 -999999 999999 0 1 4 -999999 999999 -999999 999999 2 0 0 0 7 2 0
-116.16 0.047 0.973 0.465 1 0 3 0 48 -999999 999999 0 1 4 -999999 999999 -999999 999999 2 0 0 0 7 2 0
-17.0 0.146 1.0 0.257 1 0 3 0 48 -999999 999999 0 1 4 -999999 999999 -999999 999999 2 0 0 0 7 2 0
-17.0 0.135 0.986 0.217 1 0 3 0 48 -999999 999999 0 1 4 -999999 999999 -999999 999999 2 0 0 0 7 2 0
-17.0 0.677 0.762 0.007 1 0 3 0 48 -999999 999999 0 1 4 -999999 999999 -999999 999999 2 0 0 0 7 2 0
-17.0 0.021 0.998 0.207 1 0 3 0 48 -999999 999999 0 1 4 -999999 999999 -999999 999999 2 0 0 0 7 2 0
-17.0 0.479 1.0 0.074 1 0 3 0 48 -999999 999999 0 1 4 -999999 999999 -999999 999999 2 0 0 0 7 2 0
-110.121 0.011 0.995 0.111 1 0 3 0 48 -999999 999999 0 1 4 -999999 999999 -999999 999999 2 0 0 0 7 2 0
-105.46 0.013 0.835 0.176 1 0 3 0 48 -999999 999999 0 1 4 -999999 999999 -999999 999999 2 0 0 0 7 2 0
-115.546 0.005 0.993 0.055 1 0 3 0 48 -999999 999999 0 1 4 -999999 999999 -999999 999999 2 0 0 0 7 2 0
-235.375 0.038 0.927 0.68 1 0 3 0 48 -999999 999999 0 1 4 -999999 999999 -999999 999999 2 0 0 0 7 2 0
-122.104 0.231 0.973 0.515 1 0 3 0 48 -999999 999999 0 1 4 -999999 999999 -999999 999999 2 0 0 0 7 2 0
-17.0 0.216 0.972 0.151 1 0 3 0 48 -999999 999999 0 1 4 -999999 999999 -999999 999999 2 0 0 0 7 2 0
-127.896 0.503 0.692 0.323 1 0 3 0 48 -999999 999999 0 1 4 -999999 999999 -999999 999999 2 0 0 0 7 2 0
-100.0 0.32 0.966 0.287 1 0 3 0 48 -999999 999999 0 1 4 -999999 999999 -999999 999999 2 0 0 0 7 2 0
-100.0 0.42 0.986 0.131 1 0 3 0 48 -999999 999999 0 1 4 -999999 999999 -999999 999999 2 0 0 0 7 2 0
-107.029 0.0 0.973 0.181 1 0 3 0 48 -999999 999999 0 1 4 -999999 999999 -999999 999999 2 0 0 0 7 2 0
-137.974 0.23 0.495 0.436 1 0 3 0 48 -999999 999999 0 1 4 -999999 999999 -999999 999999 2 0 0 0 7 2 0
-112.713 0.054 0.999 0.49 1 0 3 0 48 -999999 999999 0 1 4 -999999 999999 -999999 999999 2 0 0 0 7 2 0
-17.0 0.078 0.978 0.123 1 0 3 0 48 -999999 999999 0 1 4 -999999 999999 -999999 999999 2 0 0 0 7 2 0
-15.0 0.048 0.988 0.05 1 0 3 0 48 -999999 999999 0 1 4 -999999 999999 -999999 999999 2 0 0 0 7 2 0
-15.0 0.055 0.969 0.084 1 0 3 0 48 -999999 999999 0 1 4 -999999 999999 -999999 999999 2 0 0 0 7 2 0
-136.379 0.159 0.885 0.479 1 0 3 0 48 -999999 999999 0 1 4 -999999 999999 -999999 999999 2 0 0 0 7 2 0
-127.577 0.019 0.985 0.39 1 0 3 0 48 -999999 999999 0 1 4 -999999 999999 -999999 999999 2 0 0 0 7 2 0
-15.0 0.051 0.948 0.068 1 0 3 0 48 -999999 999999 0 1 4 -999999 999999 -999999 999999 2 0 0 0 7 2 0
-17.0 0.02 0.824 0.097 1 0 3 0 48 -999999 999999 0 1 4 -999999 999999 -999999 999999 2 0 0 0 7 2 0
-17.0 0.043 0.971 0.208 1 0 3 0 48 -999999 999999 0 1 4 -999999 999999 -999999 999999 2 0 0 0 7 2 0
-146.091 0.013 0.964 0.406 1 0 3 0 48 -999999 999999 0 1 4 -999999 999999 -999999 999999 2 0 0 0 7 2 0
-17.0 0.022 0.983 0.194 1 0 3 0 48 -999999 999999 0 1 4 -999999 999999 -999999 999999 2 0 0 0 7 2 0
-140.994 0.011 0.904 0.331 1 0 3 0 48 -999999 999999 0 1 4 -999999 999999 -999999 999999 2 0 0 0 7 2 0
-100.104 0.339 0.932 0.246 1 0 3 0 48 -999999 999999 0 1 4 -999999 999999 -999999 999999 2 0 0 0 7 2 0
-17.0 0.122 0.933 0.312 1 0 3 0 48 -999999 999999 0 1 4 -999999 999999 -999999 999999 2 0 0 0 7 2 0
-17.0 0.146 0.974 0.226 1 0 3 0 48 -999999 999999 0 1 4 -999999 999999 -999999 999999 2 0 0 0 7 2 0
-108.514 0.0 0.989 0.231 1 0 3 0 48 -999999 999999 0 1 4 -999999 999999 -999999 999999 2 0 0 0 7 2 0
-17.0 0.077 0.987 0.362 1 0 3 0 48 -999999 999999 0 1 4 -999999 999999 -999999 999999 2 0 0 0 7 2 0
-100.0 0.102 0.904 0.348 1 0 3 0 48 -999999 999999 0 1 4 -999999 999999 -999999 999999 2 0 0 0 7 2 0
-133.065 0.0 1.0 0.414 1 0 3 0 48 -999999 999999 0 1 4 -999999 999999 -999999 999999 2 0 0 0 7 2 0
-132.808 0.001 0.999 0.055 1 0 3 0 48 -999999 999999 0 1 4 -999999 999999 -999999 999999 2 0 0 0 7 2 0
-15.0 0.121 0.981 0.019 1 0 3 0 48 -999999 999999 0 1 4 -999999 999999 -999999 999999 2 0 0 0 7 2 0
-610.265 0.033 1.0 0.871 1 0 3 0 48 -999999 999999 0 1 4 -999999 999999 -999999 999999 2 0 0 0 7 2 0
-100.108 0.034 0.599 0.204 1 0 3 0 48 -999999 999999 0 1 4 -999999 999999 -999999 999999 2 0 0 0 7 2 0
-17.0 0.039 0.942 0.17 1 0 3 0 48 -999999 999999 0 1 4 -999999 999999 -999999 999999 2 0 0 0 7 2 0
-123.705 0.062 0.85 0.513 1 0 3 0 48 -999999 999999 0 1 4 -999999 999999 -999999 999999 2 0 0 0 7 2 0
-137.565 0.302 0.99 0.545 1 0 3 0 48 -999999 999999 0 1 4 -999999 999999 -999999 999999 2 0 0 0 7 2 0
-100.04 0.095 0.783 0.244 1 0 3 0 48 -999999 999999 0 1 4 -999999 999999 -999999 999999 2 0 0 0 7 2 0
-17.0 0.046 0.854 0.308 1 0 3 0 48 -999999 999999 0 1 4 -999999 999999 -999999 999999 2 0 0 0 7 2 0
-17.0 0.233 0.993 0.219 1 0 3 0 48 -999999 999999 0 1 4 -999999 999999 -999999 999999 2 0 0 0 7 2 0
-15.0 0.116 0.866 0.014 1 0 3 0 48 -999999 999999 0 1 4 -999999 999999 -999999 999999 2 0 0 0 7 2 0
-106.306 0.17 0.655 0.269 1 0 3 0 48 -999999 999999 0 1 4 -999999 999999 -999999 999999 2 0 0 0 7 2 0
-17.0 0.064 0.995 0.263 1 0 3 0 48 -999999 999999 0 1 4 -999999 999999 -999999 999999 2 0 0 0 7 2 0
-15.0 0.098 0.994 0.057 1 0 3 0 48 -999999 999999 0 1 4 -999999 999999 -999999 999999 2 0 0 0 7 2 0
-100.396 0.0 0.949 0.038 1 0 3 0 48 -999999 999999 0 1 4 -999999 999999 -999999 999999 2 0 0 0 7 2 0
-17.0 0.198 0.992 0.007 1 0 3 0 48 -999999 999999 0 1 4 -999999 999999 -999999 999999 2 0 0 0 7 2 0
-15.0 0.053 0.998 0.101 1 0 3 0 48 -999999 999999 0 1 4 -999999 999999 -999999 999999 2 0 0 0 7 2 0
-114.652 0.0 0.954 0.3 1 0 3 0 48 -999999 999999 0 1 4 -999999 999999 -999999 999999 2 0 0 0 7 2 0
-17.0 0.117 0.976 0.245 1 0 3 0 48 -999999 999999 0 1 4 -999999 999999 -999999 999999 2 0 0 0 7 2 0
-17.0 0.242 0.994 0.234 1 0 3 0 48 -999999 999999 0 1 4 -999999 999999 -999999 999999 2 0 0 0 7 2 0
-15.0 0.022 0.957 0.066 1 0 3 0 48 -999999 999999 0 1 4 -999999 999999 -999999 999999 2 0 0 0 7 2 0
-17.0 0.161 0.998 0.079 1 0 3 0 48 -999999 999999 0 1 4 -999999 999999 -999999 999999 2 0 0 0 7 2 0
-17.0 0.17 0.802 0.018 1 0 3 0 48 -999999 999999 0 1 4 -999999 999999 -999999 999999 2 0 0 0 7 2 0
-194.83 0.001 0.853 0.166 1 0 3 0 48 -999999 999999 0 1 4 -999999 999999 -999999 999999 2 0 0 0 7 2 0
-134.152 0.11 0.985 0.56 1 0 3 0 48 -999999 999999 0 1 4 -999999 999999 -999999 999999 2 0 0 0 7 2 0
-100.008 0.143 0.606 0.111 1 0 3 0 48 -999999 999999 0 1 4 -999999 999999 -999999 999999 2 0 0 0 7 2 0
-155.499 0.03 0.995 0.541 1 0 3 0 48 -999999 999999 0 1 4 -999999 999999 -999999 999999 2 0 0 0 7 2 0
-15.0 0.06 0.993 0.097 1 0 3 0 48 -999999 999999 0 1 4 -999999 999999 -999999 999999 2 0 0 0 7 2 0
-13.0 0.017 0.838 0.001 1 0 3 0 48 -999999 999999 0 1 4 -999999 999999 -999999 999999 2 0 0 0 7 2 0
-190.446 0.002 0.84 0.192 1 0 3 0 48 -999999 999999 0 1 4 -999999 999999 -999999 999999 2 0 0 0 7 2 0
-135.194 0.008 0.936 0.155 1 0 3 0 48 -999999 999999 0 1 4 -999999 999999 -999999 999999 2 0 0 0 7 2 0
-138.748 0.008 0.855 0.238 1 0 3 0 48 -999999 999999 0 1 4 -999999 999999 -999999 999999 2 0 0 0 7 2 0
-17.0 0.296 0.987 0.066 1 0 3 0 48 -999999 999999 0 1 4 -999999 999999 -999999 999999 2 0 0 0 7 2 0
-119.04 0.001 0.647 0.034 1 0 3 0 48 -999999 999999 0 1 4 -999999 999999 -999999 999999 2 0 0 0 7 2 0
-100.202 0.043 0.85 0.41 1 0 3 0 48 -999999 999999 0 1 4 -999999 999999 -999999 999999 2 0 0 0 7 2 0
-17.0 0.047 0.959 0.244 1 0 3 0 48 -999999 999999 0 1 4 -999999 999999 -999999 999999 2 0 0 0 7 2 0
-15.0 0.104 0.979 0.059 1 0 3 0 48 -999999 999999 0 1 4 -999999 999999 -999999 999999 2 0 0 0 7 2 0
-133.007 0.001 0.891 0.054 1 0 3 0 48 -999999 999999 0 1 4 -999999 999999 -999999 999999 2 0 0 0 7 2 0
-100.042 0.295 0.685 0.041 1 0 3 0 48 -999999 999999 0 1 4 -999999 999999 -999999 999999 2 0 0 0 7 2 0
-258.811 0.15 0.907 0.68 1 0 3 0 48 -999999 999999 0 1 4 -999999 999999 -999999 999999 2 0 0 0 7 2 0
-149.551 0.011 0.885 0.383 1 0 3 0 48 -999999 999999 0 1 4 -999999 999999 -999999 999999 2 0 0 0 7 2 0
-100.0 0.236 0.988 0.303 1 0 3 0 48 -999999 999999 0 1 4 -999999 999999 -999999 999999 2 0 0 0 7 2 0
-15.0 0.016 0.931 0.032 1 0 3 0 48 -999999 999999 0 1 4 -999999 999999 -999999 999999 2 0 0 0 7 2 0
-100.0 0.308 0.977 0.442 1 0 3 0 48 -999999 999999 0 1 4 -999999 999999 -999999 999999 2 0 0 0 7 2 0
-147.412 0.007 1.0 0.194 1 0 3 0 48 -999999 999999 0 1 4 -999999 999999 -999999 999999 2 0 0 0 7 2 0
-120.749 0.012 0.986 0.219 1 0 3 0 48 -999999 999999 0 1 4 -999999 999999 -999999 999999 2 0 0 0 7 2 0
-17.0 0.159 0.997 0.271 1 0 3 0 48 -999999 999999 0 1 4 -999999 999999 -999999 999999 2 0 0 0 7 2 0
-17.0 0.337 1.0 0.091 1 0 3 0 48 -999999 999999 0 1 4 -999999 999999 -999999 999999 2 0 0 0 7 2 0
-112.773 0.014 0.971 0.219 1 0 3 0 48 -999999 999999 0 1 4 -999999 999999 -999999 999999 2 0 0 0 7 2 0
-100.039 0.79 0.54 0.021 1 0 3 0 48 -999999 999999 0 1 4 -999999 999999 -999999 999999 2 0 0 0 7 2 0
-164.954 0.004 0.915 0.169 1 0 3 0 48 -999999 999999 0 1 4 -999999 999999 -999999 999999 2 0 0 0 7 2 0
-15.0 0.087 0.886 0.001 1 0 3 0 48 -999999 999999 0 1 4 -999999 999999 -999999 999999 2 0 0 0 7 2 0
-17.0 0.308 0.998 0.198 1 0 3 0 48 -999999 999999 0 1 4 -999999 999999 -999999 999999 2 0 0 0 7 2 0
-100.054 0.212 0.867 0.373 1 0 3 0 48 -999999 999999 0 1 4 -999999 999999 -999999 999999 2 0 0 0 7 2 0
-100.067 0.407 0.943 0.138 1 0 3 0 48 -999999 999999 0 1 4 -999999 999999 -999999 999999 2 0 0 0 7 2 0
-144.489 0.008 0.915 0.263 1 0 3 0 48 -999999 999999 0 1 4 -999999 999999 -999999 999999 2 0 0 0 7 2 0
-15.0 0.059 0.999 0.107 1 0 3 0 48 -999999 999999 0 1 4 -999999 999999 -999999 999999 2 0 0 0 7 2 0
-100.0 0.202 0.879 0.214 1 0 3 0 48 -999999 999999 0 1 4 -999999 999999 -999999 999999 2 0 0 0 7 2 0
-17.0 0.013 0.581 0.068 1 0 3 0 48 -999999 999999 0 1 4 -999999 999999 -999999 999999 2 0 0 0 7 2 0
-168.624 0.002 0.856 0.128 1 0 3 0 48 -999999 999999 0 1 4 -999999 999999 -999999 999999 2 0 0 0 7 2 0
-101.584 0.0 0.992 0.055 1 0 3 0 48 -999999 999999 0 1 4 -999999 999999 -999999 999999 2 0 0 0 7 2 0
-17.0 0.045 0.987 0.3 1 0 3 0 48 -999999 999999 0 1 4 -999999 999999 -999999 999999 2 0 0 0 7 2 0
-17.0 0.118 0.919 0.077 1 0 3 0 48 -999999 999999 0 1 4 -999999 999999 -999999 999999 2 0 0 0 7 2 0
-17.0 0.132 0.975 0.045 1 0 3 0 48 -999999 999999 0 1 4 -999999 999999 -999999 999999 2 0 0 0 7 2 0
-166.459 0.01 0.946 0.424 1 0 3 0 48 -999999 999999 0 1 4 -999999 999999 -999999 999999 2 0 0 0 7 2 0
-17.0 0.067 0.995 0.46 1 0 3 0 48 -999999 999999 0 1 4 -999999 999999 -999999 999999 2 0 0 0 7 2 0
-100.042 0.245 0.924 0.286 1 0 3 0 48 -999999 999999 0 1 4 -999999 999999 -999999 999999 2 0 0 0 7 2 0
-15.0 0.022 0.994 0.018 1 0 3 0 48 -999999 999999 0 1 4 -999999 999999 -999999 999999 2 0 0 0 7 2 0
-17.0 0.278 0.99 0.069 1 0 3 0 48 -999999 999999 0 1 4 -999999 999999 -999999 999999 2 0 0 0 7 2 0
-17.0 0.359 0.992 0.042 1 0 3 0 48 -999999 999999 0 1 4 -999999 999999 -999999 999999 2 0 0 0 7 2 0
-17.0 0.152 0.997 0.049 1 0 3 0 48 -999999 999999 0 1 4 -999999 999999 -999999 999999 2 0 0 0 7 2 0
-17.0 0.208 0.971 0.072 1 0 3 0 48 -999999 999999 0 1 4 -999999 999999 -999999 999999 2 0 0 0 7 2 0
-103.465 0.0 0.992 0.142 1 0 3 0 48 -999999 999999 0 1 4 -999999 999999 -999999 999999 2 0 0 0 7 2 0
-17.0 0.151 0.999 0.082 1 0 3 0 48 -999999 999999 0 1 4 -999999 999999 -999999 999999 2 0 0 0 7 2 0
-17.0 0.056 1.0 0.3 1 0 3 0 48 -999999 999999 0 1 4 -999999 999999 -999999 999999 2 0 0 0 7 2 0
-17.0 0.131 0.951 0.187 1 0 3 0 48 -999999 999999 0 1 4 -999999 999999 -999999 999999 2 0 0 0 7 2 0
-17.0 0.205 0.822 0.021 1 0 3 0 48 -999999 999999 0 1 4 -999999 999999 -999999 999999 2 0 0 0 7 2 0
-17.0 0.115 0.964 0.4 1 0 3 0 48 -999999 999999 0 1 4 -999999 999999 -999999 999999 2 0 0 0 7 2 0
-108.434 0.021 0.908 0.348 1 0 3 0 48 -999999 999999 0 1 4 -999999 999999 -999999 999999 2 0 0 0 7 2 0
-17.0 0.376 0.946 0.005 1 0 3 0 48 -999999 999999 0 1 4 -999999 999999 -999999 999999 2 0 0 0 7 2 0
-17.0 0.218 1.0 0.118 1 0 3 0 48 -999999 999999 0 1 4 -999999 999999 -999999 999999 2 0 0 0 7 2 0
-15.0 0.029 0.982 0.08 1 0 3 0 48 -999999 999999 0 1 4 -999999 999999 -999999 999999 2 0 0 0 7 2 0
-17.0 0.613 0.984 0.02 1 0 3 0 48 -999999 999999 0 1 4 -999999 999999 -999999 999999 2 0 0 0 7 2 0
-17.0 0.362 0.949 0.288 1 0 3 0 48 -999999 999999 0 1 4 -999999 999999 -999999 999999 2 0 0 0 7 2 0
-17.0 0.235 0.989 0.112 1 0 3 0 48 -999999 999999 0 1 4 -999999 999999 -999999 999999 2 0 0 0 7 2 0
-17.0 0.071 0.967 0.468 1 0 3 0 48 -999999 999999 0 1 4 -999999 999999 -999999 999999 2 0 0 0 7 2 0
-15.0 0.07 1.0 0.026 1 0 3 0 48 -999999 999999 0 1 4 -999999 999999 -999999 999999 2 0 0 0 7 2 0
-175.363 0.002 0.658 0.158 1 0 3 0 48 -999999 999999 0 1 4 -999999 999999 -999999 999999 2 0 0 0 7 2 0
-105.657 0.001 0.856 0.006 1 0 3 0 48 -999999 999999 0 1 4 -999999 999999 -999999 999999 2 0 0 0 7 2 0
-15.0 0.023 0.908 0.049 1 0 3 0 48 -999999 999999 0 1 4 -999999 999999 -999999 999999 2 0 0 0 7 2 0
-17.0 0.032 0.61 0.105 1 0 3 0 48 -999999 999999 0 1 4 -999999 999999 -999999 999999 2 0 0 0 7 2 0
-207.098 0.247 0.681 0.604 1 0 3 0 48 -999999 999999 0 1 4 -999999 999999 -999999 999999 2 0 0 0 7 2 0
-17.0 0.036 0.956 0.361 1 0 3 0 48 -999999 999999 0 1 4 -999999 999999 -999999 999999 2 0 0 0 7 2 0
-15.0 0.057 0.91 0.122 1 0 3 0 48 -999999 999999 0 1 4 -999999 999999 -999999 999999 2 0 0 0 7 2 0
-17.0 0.219 0.867 0.066 1 0 3 0 48 -999999 999999 0 1 4 -999999 999999 -999999 999999 2 0 0 0 7 2 0
-196.537 0.004 0.921 0.338 1 0 3 0 48 -999999 999999 0 1 4 -999999 999999 -999999 999999 2 0 0 0 7 2 0
-15.0 0.02 0.976 0.062 1 0 3 0 48 -999999 999999 0 1 4 -999999 999999 -999999 999999 2 0 0 0 7 2 0
-15.0 0.017 0.963 0.074 1 0 3 0 48 -999999 999999 0 1 4 -999999 999999 -999999 999999 2 0 0 0 7 2 0
-123.717 0.009 0.994 0.136 1 0 3 0 48 -999999 999999 0 1 4 -999999 999999 -999999 999999 2 0 0 0 7 2 0
-415.991 0.208 0.986 0.781 1 0 3 0 48 -999999 999999 0 1 4 -999999 999999 -999999 999999 2 0 0 0 7 2 0
-102.076 0.028 0.877 0.394 1 0 3 0 48 -999999 999999 0 1 4 -999999 999999 -999999 999999 2 0 0 0 7 2 0
-15.0 0.025 0.928 0.055 1 0 3 0 48 -999999 999999 0 1 4 -999999 999999 -999999 999999 2 0 0 0 7 2 0
-117.973 0.021 0.954 0.388 1 0 3 0 48 -999999 999999 0 1 4 -999999 999999 -999999 999999 2 0 0 0 7 2 0
-234.471 0.001 0.746 0.28 1 0 3 0 48 -999999 999999 0 1 4 -999999 999999 -999999 999999 2 0 0 0 7 2 0
-15.0 0.043 0.993 0.018 1 0 3 0 48 -999999 999999 0 1 4 -999999 999999 -999999 999999 2 0 0 0 7 2 0
-100.07 0.202 0.77 0.177 1 0 3 0 48 -999999 999999 0 1 4 -999999 999999 -999999 999999 2 0 0 0 7 2 0
-100.117 0.333 0.925 0.372 1 0 3 0 48 -999999 999999 0 1 4 -999999 999999 -999999 999999 2 0 0 0 7 2 0
-115.543 0.0 0.739 0.315 1 0 3 0 48 -999999 999999 0 1 4 -999999 999999 -999999 999999 2 0 0 0 7 2 0
-100.0 0.33 0.944 0.285 1 0 3 0 48 -999999 999999 0 1 4 -999999 999999 -999999 999999 2 0 0 0 7 2 0
-15.0 0.017 0.879 0.029 1 0 3 0 48 -999999 999999 0 1 4 -999999 999999 -999999 999999 2 0 0 0 7 2 0
-17.0 0.205 0.988 0.047 1 0 3 0 48 -999999 999999 0 1 4 -999999 999999 -999999 999999 2 0 0 0 7 2 0
-152.598 0.231 0.968 0.577 1 0 3 0 48 -999999 999999 0 1 4 -999999 999999 -999999 999999 2 0 0 0 7 2 0
-15.0 0.054 0.921 0.011 1 0 3 0 48 -999999 999999 0 1 4 -999999 999999 -999999 999999 2 0 0 0 7 2 0
-17.0 0.039 0.891 0.12 1 0 3 0 48 -999999 999999 0 1 4 -999999 999999 -999999 999999 2 0 0 0 7 2 0
-147.087 0.006 0.999 0.162 1 0 3 0 48 -999999 999999 0 1 4 -999999 999999 -999999 999999 2 0 0 0 7 2 0
-15.0 0.095 0.923 0.019 1 0 3 0 48 -999999 999999 0 1 4 -999999 999999 -999999 999999 2 0 0 0 7 2 0
-142.946 0.084 0.557 0.465 1 0 3 0 48 -999999 999999 0 1 4 -999999 999999 -999999 999999 2 0 0 0 7 2 0
-147.298 0.005 0.998 0.14 1 0 3 0 48 -999999 999999 0 1 4 -999999 999999 -999999 999999 2 0 0 0 7 2 0
-143.659 0.0 0.892 0.459 1 0 3 0 48 -999999 999999 0 1 4 -999999 999999 -999999 999999 2 0 0 0 7 2 0
-110.791 0.0 0.998 0.244 1 0 3 0 48 -999999 999999 0 1 4 -999999 999999 -999999 999999 2 0 0 0 7 2 0
-15.0 0.118 0.754 0.004 1 0 3 0 48 -999999 999999 0 1 4 -999999 999999 -999999 999999 2 0 0 0 7 2 0
-15.0 0.041 0.992 0.029 1 0 3 0 48 -999999 999999 0 1 4 -999999 999999 -999999 999999 2 0 0 0 7 2 0
-17.0 0.263 1.0 0.308 1 0 3 0 48 -999999 999999 0 1 4 -999999 999999 -999999 999999 2 0 0 0 7 2 0
-17.0 0.094 0.799 0.085 1 0 3 0 48 -999999 999999 0 1 4 -999999 999999 -999999 999999 2 0 0 0 7 2 0
-17.0 0.048 0.989 0.384 1 0 3 0 48 -999999 999999 0 1 4 -999999 999999 -999999 999999 2 0 0 0 7 2 0
-15.0 0.018 0.988 0.01 1 0 3 0 48 -999999 999999 0 1 4 -999999 999999 -999999 999999 2 0 0 0 7 2 0
-15.0 0.05 1.0 0.027 1 0 3 0 48 -999999 999999 0 1 4 -999999 999999 -999999 999999 2 0 0 0 7 2 0
-100.063 0.345 0.862 0.097 1 0 3 0 48 -999999 999999 0 1 4 -999999 999999 -999999 999999 2 0 0 0 7 2 0
-100.089 0.11 0.878 0.395 1 0 3 0 48 -999999 999999 0 1 4 -999999 999999 -999999 999999 2 0 0 0 7 2 0
-306.008 0.014 0.654 0.709 1 0 3 0 48 -999999 999999 0 1 4 -999999 999999 -999999 999999 2 0 0 0 7 2 0
-100.0 0.402 0.996 0.335 1 0 3 0 48 -999999 999999 0 1 4 -999999 999999 -999999 999999 2 0 0 0 7 2 0
-100.007 0.386 0.995 0.446 1 0 3 0 48 -999999 999999 0 1 4 -999999 999999 -999999 999999 2 0 0 0 7 2 0
-173.87 0.009 0.856 0.454 1 0 3 0 48 -999999 999999 0 1 4 -999999 999999 -999999 999999 2 0 0 0 7 2 0
-124.701 0.091 0.808 0.453 1 0 3 0 48 -999999 999999 0 1 4 -999999 999999 -999999 999999 2 0 0 0 7 2 0
-17.0 0.178 0.999 0.067 1 0 3 0 48 -999999 999999 0 1 4 -999999 999999 -999999 999999 2 0 0 0 7 2 0
-100.099 0.0 0.86 0.003 1 0 3 0 48 -999999 999999 0 1 4 -999999 999999 -999999 999999 2 0 0 0 7 2 0
-105.346 0.0 0.997 0.188 1 0 3 0 48 -999999 999999 0 1 4 -999999 999999 -999999 999999 2 0 0 0 7 2 0
-200.453 0.017 0.886 0.586 1 0 3 0 48 -999999 999999 0 1 4 -999999 999999 -999999 999999 2 0 0 0 7 2 0
-17.0 0.023 0.996 0.159 1 0 3 0 48 -999999 999999 0 1 4 -999999 999999 -999999 999999 2 0 0 0 7 2 0
-139.77 0.006 0.995 0.129 1 0 3 0 48 -999999 999999 0 1 4 -999999 999999 -999999 999999 2 0 0 0 7 2 0
-15.0 0.092 1.0 0.073 1 0 3 0 48 -999999 999999 0 1 4 -999999 999999 -999999 999999 2 0 0 0 7 2 0
-192.371 0.648 0.789 0.49 1 0 3 0 48 -999999 999999 0 1 4 -999999 999999 -999999 999999 2 0 0 0 7 2 0
-100.007 0.057 0.478 0.076 1 0 3 0 48 -999999 999999 0 1 4 -999999 999999 -999999 999999 2 0 0 0 7 2 0
-17.0 0.158 0.999 0.277 1 0 3 0 48 -999999 999999 0 1 4 -999999 999999 -999999 999999 2 0 0 0 7 2 0
-218.676 0.003 0.95 0.402 1 0 3 0 48 -999999 999999 0 1 4 -999999 999999 -999999 999999 2 0 0 0 7 2 0
-215.477 0.003 0.963 0.362 1 0 3 0 48 -999999 999999 0 1 4 -999999 999999 -999999 999999 2 0 0 0 7 2 0
-302.829 0.086 0.768 0.727 1 0 3 0 48 -999999 999999 0 1 4 -999999 999999 -999999 999999 2 0 0 0 7 2 0
-100.005 0.372 0.697 0.04 1 0 3 0 48 -999999 999999 0 1 4 -999999 999999 -999999 999999 2 0 0 0 7 2 0
-100.0 0.441 0.997 0.124 1 0 3 0 48 -999999 999999 0 1 4 -999999 999999 -999999 999999 2 0 0 0 7 2 0
-100.074 0.436 0.89 0.153 1 0 3 0 48 -999999 999999 0 1 4 -999999 999999 -999999 999999 2 0 0 0 7 2 0
-17.0 0.191 0.917 0.123 1 0 3 0 48 -999999 999999 0 1 4 -999999 999999 -999999 999999 2 0 0 0 7 2 0
-140.201 0.001 0.871 0.07 1 0 3 0 48 -999999 999999 0 1 4 -999999 999999 -999999 999999 2 0 0 0 7 2 0
-100.063 0.419 0.717 0.036 1 0 3 0 48 -999999 999999 0 1 4 -999999 999999 -999999 999999 2 0 0 0 7 2 0
-15.0 0.09 1.0 0.009 1 0 3 0 48 -999999 999999 0 1 4 -999999 999999 -999999 999999 2 0 0 0 7 2 0
-15.0 0.201 0.87 0.003 1 0 3 0 48 -999999 999999 0 1 4 -999999 999999 -999999 999999 2 0 0 0 7 2 0
-17.0 0.138 0.953 0.389 1 0 3 0 48 -999999 999999 0 1 4 -999999 999999 -999999 999999 2 0 0 0 7 2 0
-17.0 0.165 0.935 0.098 1 0 3 0 48 -999999 999999 0 1 4 -999999 999999 -999999 999999 2 0 0 0 7 2 0
-17.0 0.082 0.91 0.069 1 0 3 0 48 -999999 999999 0 1 4 -999999 999999 -999999 999999 2 0 0 0 7 2 0
-100.023 0.387 0.841 0.063 1 0 3 0 48 -999999 999999 0 1 4 -999999 999999 -999999 999999 2 0 0 0 7 2 0
-17.0 0.038 0.925 0.256 1 0 3 0 48 -999999 999999 0 1 4 -999999 999999 -999999 999999 2 0 0 0 7 2 0
-17.0 0.185 0.994 0.046 1 0 3 0 48 -999999 999999 0 1 4 -999999 999999 -999999 999999 2 0 0 0 7 2 0
-15.0 0.02 0.992 0.104 1 0 3 0 48 -999999 999999 0 1 4 -999999 999999 -999999 999999 2 0 0 0 7 2 0
-17.0 0.071 0.998 0.262 1 0 3 0 48 -999999 999999 0 1 4 -999999 999999 -999999 999999 2 0 0 0 7 2 0
-15.0 0.079 1.0 0.076 1 0 3 0 48 -999999 999999 0 1 4 -999999 999999 -999999 999999 2 0 0 0 7 2 0
-15.0 0.08 0.97 0.002 1 0 3 0 48 -999999 999999 0 1 4 -999999 999999 -999999 999999 2 0 0 0 7 2 0
-19.0 0.75 0.998 0.048 1 0 3 0 48 -999999 999999 0 1 4 -999999 999999 -999999 999999 2 0 0 0 7 2 0
-17.0 0.16 0.977 0.08 1 0 3 0 48 -999999 999999 0 1 4 -999999 999999 -999999 999999 2 0 0 0 7 2 0
-148.784 0.011 0.887 0.395 1 0 3 0 48 -999999 999999 0 1 4 -999999 999999 -999999 999999 2 0 0 0 7 2 0
-17.0 0.135 0.956 0.099 1 0 3 0 48 -999999 999999 0 1 4 -999999 999999 -999999 999999 2 0 0 0 7 2 0
-115.751 0.011 0.929 0.16 1 0 3 0 48 -999999 999999 0 1 4 -999999 999999 -999999 999999 2 0 0 0 7 2 0
-150.861 0.009 0.863 0.347 1 0 3 0 48 -999999 999999 0 1 4 -999999 999999 -999999 999999 2 0 0 0 7 2 0
-17.0 0.197 0.732 0.004 1 0 3 0 48 -999999 999999 0 1 4 -999999 999999 -999999 999999 2 0 0 0 7 2 0
-17.0 0.13 0.982 0.105 1 0 3 0 48 -999999 999999 0 1 4 -999999 999999 -999999 999999 2 0 0 0 7 2 0
-17.0 0.057 0.99 0.153 1 0 3 0 48 -999999 999999 0 1 4 -999999 999999 -999999 999999 2 0 0 0 7 2 0
-100.0 0.314 0.993 0.215 1 0 3 0 48 -999999 999999 0 1 4 -999999 999999 -999999 999999 2 0 0 0 7 2 0
-268.684 0.553 0.945 0.614 1 0 3 0 48 -999999 999999 0 1 4 -999999 999999 -999999 999999 2 0 0 0 7 2 0
-15.0 0.013 0.929 0.007 1 0 3 0 48 -999999 999999 0 1 4 -999999 999999 -999999 999999 2 0 0 0 7 2 0
-17.0 0.042 0.969 0.121 1 0 3 0 48 -999999 999999 0 1 4 -999999 999999 -999999 999999 2 0 0 0 7 2 0
-15.0 0.058 0.973 0.13 1 0 3 0 48 -999999 999999 0 1 4 -999999 999999 -999999 999999 2 0 0 0 7 2 0
-15.0 0.099 0.893 0.008 1 0 3 0 48 -999999 999999 0 1 4 -999999 999999 -999999 999999 2 0 0 0 7 2 0
-17.0 0.097 0.876 0.056 1 0 3 0 48 -999999 999999 0 1 4 -999999 999999 -999999 999999 2 0 0 0 7 2 0
-169.52 0.076 0.994 0.6 1 0 3 0 48 -999999 999999 0 1 4 -999999 999999 -999999 999999 2 0 0 0 7 2 0
-17.0 0.145 0.999 0.127 1 0 3 0 48 -999999 999999 0 1 4 -999999 999999 -999999 999999 2 0 0 0 7 2 0
-13.0 0.058 0.996 0.0 1 0 3 0 48 -999999 999999 0 1 4 -999999 999999 -999999 999999 2 0 0 0 7 2 0
-116.943 0.013 0.694 0.258 1 0 3 0 48 -999999 999999 0 1 4 -999999 999999 -999999 999999 2 0 0 0 7 2 0
-149.708 0.005 0.922 0.144 1 0 3 0 48 -999999 999999 0 1 4 -999999 999999 -999999 999999 2 0 0 0 7 2 0
-17.0 0.275 0.989 0.154 1 0 3 0 48 -999999 999999 0 1 4 -999999 999999 -999999 999999 2 0 0 0 7 2 0
-17.0 0.095 0.912 0.395 1 0 3 0 48 -999999 999999 0 1 4 -999999 999999 -999999 999999 2 0 0 0 7 2 0
-15.0 0.082 0.866 0.039 1 0 3 0 48 -999999 999999 0 1 4 -999999 999999 -999999 999999 2 0 0 0 7 2 0
-17.0 0.036 1.0 0.289 1 0 3 0 48 -999999 999999 0 1 4 -999999 999999 -999999 999999 2 0 0 0 7 2 0
-181.452 0.003 0.984 0.192 1 0 3 0 48 -999999 999999 0 1 4 -999999 999999 -999999 999999 2 0 0 0 7 2 0
-17.0 0.119 0.969 0.155 1 0 3 0 48 -999999 999999 0 1 4 -999999 999999 -999999 999999 2 0 0 0 7 2 0
-100.0 0.544 0.977 0.027 1 0 3 0 48 -999999 999999 0 1 4 -999999 999999 -999999 999999 2 0 0 0 7 2 0
-150.936 0.001 0.993 0.088 1 0 3 0 48 -999999 999999 0 1 4 -999999 999999 -999999 999999 2 0 0 0 7 2 0
-13.0 0.007 0.995 0.002 1 0 3 0 48 -999999 999999 0 1 4 -999999 999999 -999999 999999 2 0 0 0 7 2 0
-135.428 0.001 0.962 0.062 1 0 3 0 48 -999999 999999 0 1 4 -999999 999999 -999999 999999 2 0 0 0 7 2 0
-115.678 0.033 0.931 0.45 1 0 3 0 48 -999999 999999 0 1 4 -999999 999999 -999999 999999 2 0 0 0 7 2 0
-129.206 0.138 0.807 0.433 1 0 3 0 48 -999999 999999 0 1 4 -999999 999999 -999999 999999 2 0 0 0 7 2 0
-17.0 0.062 0.924 0.176 1 0 3 0 48 -999999 999999 0 1 4 -999999 999999 -999999 999999 2 0 0 0 7 2 0
-100.0 0.339 0.98 0.328 1 0 3 0 48 -999999 999999 0 1 4 -999999 999999 -999999 999999 2 0 0 0 7 2 0
-17.0 0.429 0.948 0.237 1 0 3 0 48 -999999 999999 0 1 4 -999999 999999 -999999 999999 2 0 0 0 7 2 0
-105.143 0.241 0.716 0.16 1 0 3 0 48 -999999 999999 0 1 4 -999999 999999 -999999 999999 2 0 0 0 7 2 0
-17.0 0.069 0.998 0.211 1 0 3 0 48 -999999 999999 0 1 4 -999999 999999 -999999 999999 2 0 0 0 7 2 0
-15.0 0.05 0.854 0.027 1 0 3 0 48 -999999 999999 0 1 4 -999999 999999 -999999 999999 2 0 0 0 7 2 0
-100.0 0.366 0.994 0.175 1 0 3 0 48 -999999 999999 0 1 4 -999999 999999 -999999 999999 2 0 0 0 7 2 0
-17.0 0.116 0.862 0.068 1 0 3 0 48 -999999 999999 0 1 4 -999999 999999 -999999 999999 2 0 0 0 7 2 0
-381.68 0.055 0.975 0.776 1 0 3 0 48 -999999 999999 0 1 4 -999999 999999 -999999 999999 2 0 0 0 7 2 0
-17.0 0.185 0.974 0.234 1 0 3 0 48 -999999 999999 0 1 4 -999999 999999 -999999 999999 2 0 0 0 7 2 0
-124.725 0.055 0.27 0.325 1 0 3 0 48 -999999 999999 0 1 4 -999999 999999 -999999 999999 2 0 0 0 7 2 0
-17.0 0.121 0.998 0.177 1 0 3 0 48 -999999 999999 0 1 4 -999999 999999 -999999 999999 2 0 0 0 7 2 0
-129.139 0.011 0.872 0.263 1 0 3 0 48 -999999 999999 0 1 4 -999999 999999 -999999 999999 2 0 0 0 7 2 0
-13.0 0.01 1.0 0.005 1 0 3 0 48 -999999 999999 0 1 4 -999999 999999 -999999 999999 2 0 0 0 7 2 0
-100.022 0.271 0.754 0.114 1 0 3 0 48 -999999 999999 0 1 4 -999999 999999 -999999 999999 2 0 0 0 7 2 0
-17.0 0.088 1.0 0.251 1 0 3 0 48 -999999 999999 0 1 4 -999999 999999 -999999 999999 2 0 0 0 7 2 0
-127.431 0.516 0.959 0.392 1 0 3 0 48 -999999 999999 0 1 4 -999999 999999 -999999 999999 2 0 0 0 7 2 0
-154.03 0.003 0.996 0.119 1 0 3 0 48 -999999 999999 0 1 4 -999999 999999 -999999 999999 2 0 0 0 7 2 0
-17.0 0.324 1.0 0.019 1 0 3 0 48 -999999 999999 0 1 4 -999999 999999 -999999 999999 2 0 0 0 7 2 0
-100.064 0.252 0.903 0.293 1 0 3 0 48 -999999 999999 0 1 4 -999999 999999 -999999 999999 2 0 0 0 7 2 0
-17.0 0.075 0.914 0.124 1 0 3 0 48 -999999 999999 0 1 4 -999999 999999 -999999 999999 2 0 0 0 7 2 0
-100.0 0.385 0.972 0.301 1 0 3 0 48 -999999 999999 0 1 4 -999999 999999 -999999 999999 2 0 0 0 7 2 0
-15.0 0.068 0.998 0.009 1 0 3 0 48 -999999 999999 0 1 4 -999999 999999 -999999 999999 2 0 0 0 7 2 0
-100.172 0.122 0.873 0.43 1 0 3 0 48 -999999 999999 0 1 4 -999999 999999 -999999 999999 2 0 0 0 7 2 0
-100.033 0.277 0.873 0.156 1 0 3 0 48 -999999 999999 0 1 4 -999999 999999 -999999 999999 2 0 0 0 7 2 0
-17.0 0.36 0.992 0.221 1 0 3 0 48 -999999 999999 0 1 4 -999999 999999 -999999 999999 2 0 0 0 7 2 0
-17.0 0.019 0.994 0.179 1 0 3 0 48 -999999 999999 0 1 4 -999999 999999 -999999 999999 2 0 0 0 7 2 0
-104.855 0.001 0.746 0.007 1 0 3 0 48 -999999 999999 0 1 4 -999999 999999 -999999 999999 2 0 0 0 7 2 0
-15.0 0.063 0.531 0.006 1 0 3 0 48 -999999 999999 0 1 4 -999999 999999 -999999 999999 2 0 0 0 7 2 0
-17.0 0.372 0.992 0.274 1 0 3 0 48 -999999 999999 0 1 4 -999999 999999 -999999 999999 2 0 0 0 7 2 0
-306.075 0.001 0.833 0.533 1 0 3 0 48 -999999 999999 0 1 4 -999999 999999 -999999 999999 2 0 0 0 7 2 0
-100.036 0.229 0.84 0.104 1 0 3 0 48 -999999 999999 0 1 4 -999999 999999 -999999 999999 2 0 0 0 7 2 0
-211.065 0.579 0.848 0.519 1 0 3 0 48 -999999 999999 0 1 4 -999999 999999 -999999 999999 2 0 0 0 7 2 0
-15.0 0.009 0.999 0.029 1 0 3 0 48 -999999 999999 0 1 4 -999999 999999 -999999 999999 2 0 0 0 7 2 0
-100.049 0.513 0.762 0.083 1 0 3 0 48 -999999 999999 0 1 4 -999999 999999 -999999 999999 2 0 0 0 7 2 0
-107.22 0.002 0.873 0.019 1 0 3 0 48 -999999 999999 0 1 4 -999999 999999 -999999 999999 2 0 0 0 7 2 0
-160.275 0.033 0.999 0.57 1 0 3 0 48 -999999 999999 0 1 4 -999999 999999 -999999 999999 2 0 0 0 7 2 0
-17.0 0.308 0.984 0.048 1 0 3 0 48 -999999 999999 0 1 4 -999999 999999 -999999 999999 2 0 0 0 7 2 0
-17.0 0.054 0.779 0.267 1 0 3 0 48 -999999 999999 0 1 4 -999999 999999 -999999 999999 2 0 0 0 7 2 0
-17.0 0.14 0.997 0.075 1 0 3 0 48 -999999 999999 0 1 4 -999999 999999 -999999 999999 2 0 0 0 7 2 0
-17.0 0.183 0.964 0.478 1 0 3 0 48 -999999 999999 0 1 4 -999999 999999 -999999 999999 2 0 0 0 7 2 0
-17.0 0.087 0.989 0.263 1 0 3 0 48 -999999 999999 0 1 4 -999999 999999 -999999 999999 2 0 0 0 7 2 0
-17.0 0.022 0.888 0.27 1 0 3 0 48 -999999 999999 0 1 4 -999999 999999 -999999 999999 2 0 0 0 7 2 0
-112.476 0.007 0.933 0.063 1 0 3 0 48 -999999 999999 0 1 4 -999999 999999 -999999 999999 2 0 0 0 7 2 0
-17.0 0.075 0.976 0.168 1 0 3 0 48 -999999 999999 0 1 4 -999999 999999 -999999 999999 2 0 0 0 7 2 0
-15.0 0.027 0.801 0.041 1 0 3 0 48 -999999 999999 0 1 4 -999999 999999 -999999 999999 2 0 0 0 7 2 0
-196.42 0.002 0.694 0.216 1 0 3 0 48 -999999 999999 0 1 4 -999999 999999 -999999 999999 2 0 0 0 7 2 0
-100.0 0.182 0.954 0.232 1 0 3 0 48 -999999 999999 0 1 4 -999999 999999 -999999 999999 2 0 0 0 7 2 0
-17.0 0.122 0.957 0.047 1 0 3 0 48 -999999 999999 0 1 4 -999999 999999 -999999 999999 2 0 0 0 7 2 0
-17.0 0.139 0.896 0.048 1 0 3 0 48 -999999 999999 0 1 4 -999999 999999 -999999 999999 2 0 0 0 7 2 0
-103.069 0.0 0.997 0.127 1 0 3 0 48 -999999 999999 0 1 4 -999999 999999 -999999 999999 2 0 0 0 7 2 0
-104.597 0.034 0.883 0.429 1 0 3 0 48 -999999 999999 0 1 4 -999999 999999 -999999 999999 2 0 0 0 7 2 0
-100.027 0.028 0.214 0.019 1 0 3 0 48 -999999 999999 0 1 4 -999999 999999 -999999 999999 2 0 0 0 7 2 0
-17.0 0.025 0.993 0.211 1 0 3 0 48 -999999 999999 0 1 4 -999999 999999 -999999 999999 2 0 0 0 7 2 0
-100.06 0.735 0.961 0.228 1 0 3 0 48 -999999 999999 0 1 4 -999999 999999 -999999 999999 2 0 0 0 7 2 0
-231.248 0.001 0.985 0.267 1 0 3 0 48 -999999 999999 0 1 4 -999999 999999 -999999 999999 2 0 0 0 7 2 0
-15.0 0.097 0.962 0.006 1 0 3 0 48 -999999 999999 0 1 4 -999999 999999 -999999 999999 2 0 0 0 7 2 0
-17.0 0.169 0.83 0.022 1 0 3 0 48 -999999 999999 0 1 4 -999999 999999 -999999 999999 2 0 0 0 7 2 0
-13.0 0.018 0.998 0.002 1 0 3 0 48 -999999 999999 0 1 4 -999999 999999 -999999 999999 2 0 0 0 7 2 0
-110.541 0.002 0.975 0.023 1 0 3 0 48 -999999 999999 0 1 4 -999999 999999 -999999 999999 2 0 0 0 7 2 0
-17.0 0.056 0.969 0.253 1 0 3 0 48 -999999 999999 0 1 4 -999999 999999 -999999 999999 2 0 0 0 7 2 0
