-528.84 0.062 0.983 0.54 1 0 3 0 500 -999999 999999 0 1 6 -999999 999999 -999999 999999 2 0 0 0 7 2 0
0.0 0.001 0.862 0.286 1 0 3 0 500 -999999 999999 0 1 6 -999999 999999 -999999 999999 2 0 0 0 7 2 0
7.871 0.083 0.887 0.026 1 0 3 0 500 -999999 999999 0 1 6 -999999 999999 -999999 999999 2 0 0 0 7 2 0
7.871 0.147 0.946 0.065 1 0 3 0 500 -999999 999999 0 1 6 -999999 999999 -999999 999999 2 0 0 0 7 2 0
7.871 0.039 0.924 0.005 1 0 3 0 500 -999999 999999 0 1 6 -999999 999999 -999999 999999 2 0 0 0 7 2 0
-22.383999999999997 0.054 0.849 0.119 1 0 3 0 500 -999999 999999 0 1 6 -999999 999999 -999999 999999 2 0 0 0 7 2 0
7.871 0.147 1.0 0.001 1 0 3 0 500 -999999 999999 0 1 6 -999999 999999 -999999 999999 2 0 0 0 7 2 0
-14.852 0.16 0.977 0.246 1 0 3 0 500 -999999 999999 0 1 6 -999999 999999 -999999 999999 2 0 0 0 7 2 0
-12.638 0.032 0.956 0.169 1 0 3 0 500 -999999 999999 0 1 6 -999999 999999 -999999 999999 2 0 0 0 7 2 0
0.0 0.0 0.997 0.083 1 0 3 0 500 -999999 999999 0 1 6 -999999 999999 -999999 999999 2 0 0 0 7 2 0
-501.09 0.04 0.924 0.501 1 0 3 0 500 -999999 999999 0 1 6 -999999 999999 -999999 999999 2 0 0 0 7 2 0
-94.576 0.007 0.737 0.151 1 0 3 0 500 -999999 999999 0 1 6 -999999 999999 -999999 999999 2 0 0 0 7 2 0
7.871 0.162 0.999 0.002 1 0 3 0 500 -999999 999999 0 1 6 -999999 999999 -999999 999999 2 0 0 0 7 2 0
-179.51399999999998 0.034 0.539 0.283 1 0 3 0 500 -999999 999999 0 1 6 -999999 999999 -999999 999999 2 0 0 0 7 2 0
-64.695 0.009 0.96 0.129 1 0 3 0 500 -999999 999999 0 1 6 -999999 999999 -999999 999999 2 0 0 0 7 2 0
0.0 0.559 0.706 0.078 1 0 3 0 500 -999999 999999 0 1 6 -999999 999999 -999999 999999 2 0 0 0 7 2 0
2.7790000000000004 0.031 0.971 0.142 1 0 3 0 500 -999999 999999 0 1 6 -999999 999999 -999999 999999 2 0 0 0 7 2 0
-512.32 0.054 0.652 0.496 1 0 3 0 500 -999999 999999 0 1 6 -999999 999999 -999999 999999 2 0 0 0 7 2 0
-5.797000000000001 0.128 0.893 0.074 1 0 3 0 500 -999999 999999 0 1 6 -999999 999999 -999999 999999 2 0 0 0 7 2 0
7.791000000000001 0.468 0.852 0.001 1 0 3 0 500 -999999 999999 0 1 6 -999999 999999 -999999 999999 2 0 0 0 7 2 0
7.871 0.151 0.938 0.018 1 0 3 0 500 -999999 999999 0 1 6 -999999 999999 -999999 999999 2 0 0 0 7 2 0
-250.083 0.002 0.998 0.049 1 0 3 0 500 -999999 999999 0 1 6 -999999 999999 -999999 999999 2 0 0 0 7 2 0
-126.009 0.609 0.965 0.246 1 0 3 0 500 -999999 999999 0 1 6 -999999 999999 -999999 999999 2 0 0 0 7 2 0
-50.90500000000001 0.458 0.965 0.168 1 0 3 0 500 -999999 999999 0 1 6 -999999 999999 -999999 999999 2 0 0 0 7 2 0
-49.726000000000006 0.295 0.946 0.385 1 0 3 0 500 -999999 999999 0 1 6 -999999 999999 -999999 999999 2 0 0 0 7 2 0
0.0 0.0 0.759 0.11 1 0 3 0 500 -999999 999999 0 1 6 -999999 999999 -999999 999999 2 0 0 0 7 2 0
-44.74900000000001 0.022 0.995 0.249 1 0 3 0 500 -999999 999999 0 1 6 -999999 999999 -999999 999999 2 0 0 0 7 2 0
-31.808000000000003 0.171 0.905 0.263 1 0 3 0 500 -999999 999999 0 1 6 -999999 999999 -999999 999999 2 0 0 0 7 2 0
-35.63 0.024 0.977 0.261 1 0 3 0 500 -999999 999999 0 1 6 -999999 999999 -999999 999999 2 0 0 0 7 2 0
-509.31 0.093 0.934 0.514 1 0 3 0 500 -999999 999999 0 1 6 -999999 999999 -999999 999999 2 0 0 0 7 2 0
-97.625 0.028 0.763 0.304 1 0 3 0 500 -999999 999999 0 1 6 -999999 999999 -999999 999999 2 0 0 0 7 2 0
-10.07 0.691 0.989 0.036 1 0 3 0 500 -999999 999999 0 1 6 -999999 999999 -999999 999999 2 0 0 0 7 2 0
-89.943 0.414 0.97 0.534 1 0 3 0 500 -999999 999999 0 1 6 -999999 999999 -999999 999999 2 0 0 0 7 2 0
-31.985000000000003 0.041 0.878 0.263 1 0 3 0 500 -999999 999999 0 1 6 -999999 999999 -999999 999999 2 0 0 0 7 2 0
-98.277 0.529 0.962 0.327 1 0 3 0 500 -999999 999999 0 1 6 -999999 999999 -999999 999999 2 0 0 0 7 2 0
-540.14 0.618 0.764 0.573 1 0 3 0 500 -999999 999999 0 1 6 -999999 999999 -999999 999999 2 0 0 0 7 2 0
-20.291 0.012 0.962 0.06 1 0 3 0 500 -999999 999999 0 1 6 -999999 999999 -999999 999999 2 0 0 0 7 2 0
-53.374 0.015 0.984 0.219 1 0 3 0 500 -999999 999999 0 1 6 -999999 999999 -999999 999999 2 0 0 0 7 2 0
-554.01 0.001 0.892 0.584 1 0 3 0 500 -999999 999999 0 1 6 -999999 999999 -999999 999999 2 0 0 0 7 2 0
-35.379000000000005 0.025 0.79 0.087 1 0 3 0 500 -999999 999999 0 1 6 -999999 999999 -999999 999999 2 0 0 0 7 2 0
-16.091 0.051 0.778 0.119 1 0 3 0 500 -999999 999999 0 1 6 -999999 999999 -999999 999999 2 0 0 0 7 2 0
-75.07500000000002 0.327 0.943 0.488 1 0 3 0 500 -999999 999999 0 1 6 -999999 999999 -999999 999999 2 0 0 0 7 2 0
7.867 0.247 0.983 0.004 1 0 3 0 500 -999999 999999 0 1 6 -999999 999999 -999999 999999 2 0 0 0 7 2 0
7.871 0.228 0.899 0.002 1 0 3 0 500 -999999 999999 0 1 6 -999999 999999 -999999 999999 2 0 0 0 7 2 0
7.871 0.058 0.999 0.043 1 0 3 0 500 -999999 999999 0 1 6 -999999 999999 -999999 999999 2 0 0 0 7 2 0
-523.69 0.007 0.824 0.525 1 0 3 0 500 -999999 999999 0 1 6 -999999 999999 -999999 999999 2 0 0 0 7 2 0
-160.80400000000003 0.67 0.95 0.111 1 0 3 0 500 -999999 999999 0 1 6 -999999 999999 -999999 999999 2 0 0 0 7 2 0
-622.12 0.172 0.955 0.748 1 0 3 0 500 -999999 999999 0 1 6 -999999 999999 -999999 999999 2 0 0 0 7 2 0
-644.41 0.024 0.836 0.744 1 0 3 0 500 -999999 999999 0 1 6 -999999 999999 -999999 999999 2 0 0 0 7 2 0
-101.918 0.007 0.767 0.164 1 0 3 0 500 -999999 999999 0 1 6 -999999 999999 -999999 999999 2 0 0 0 7 2 0
-178.52599999999998 0.005 0.563 0.053 1 0 3 0 500 -999999 999999 0 1 6 -999999 999999 -999999 999999 2 0 0 0 7 2 0
0.0 0.002 0.587 0.07 1 0 3 0 500 -999999 999999 0 1 6 -999999 999999 -999999 999999 2 0 0 0 7 2 0
7.871 0.021 1.0 0.005 1 0 3 0 500 -999999 999999 0 1 6 -999999 999999 -999999 999999 2 0 0 0 7 2 0
-16.082 0.022 0.977 0.172 1 0 3 0 500 -999999 999999 0 1 6 -999999 999999 -999999 999999 2 0 0 0 7 2 0
1.129 0.057 0.885 0.081 1 0 3 0 500 -999999 999999 0 1 6 -999999 999999 -999999 999999 2 0 0 0 7 2 0
0.8410000000000004 0.101 0.876 0.048 1 0 3 0 500 -999999 999999 0 1 6 -999999 999999 -999999 999999 2 0 0 0 7 2 0
-44.468 0.622 0.969 0.059 1 0 3 0 500 -999999 999999 0 1 6 -999999 999999 -999999 999999 2 0 0 0 7 2 0
7.871 0.052 1.0 0.047 1 0 3 0 500 -999999 999999 0 1 6 -999999 999999 -999999 999999 2 0 0 0 7 2 0
-4.268 0.072 0.968 0.26 1 0 3 0 500 -999999 999999 0 1 6 -999999 999999 -999999 999999 2 0 0 0 7 2 0
7.262 0.019 0.924 0.022 1 0 3 0 500 -999999 999999 0 1 6 -999999 999999 -999999 999999 2 0 0 0 7 2 0
-77.09400000000001 0.065 0.828 0.309 1 0 3 0 500 -999999 999999 0 1 6 -999999 999999 -999999 999999 2 0 0 0 7 2 0
7.871 0.16 0.871 0.005 1 0 3 0 500 -999999 999999 0 1 6 -999999 999999 -999999 999999 2 0 0 0 7 2 0
7.871 0.031 0.918 0.045 1 0 3 0 500 -999999 999999 0 1 6 -999999 999999 -999999 999999 2 0 0 0 7 2 0
0.0 0.292 0.49 0.099 1 0 3 0 500 -999999 999999 0 1 6 -999999 999999 -999999 999999 2 0 0 0 7 2 0
-94.327 0.008 1.0 0.19 1 0 3 0 500 -999999 999999 0 1 6 -999999 999999 -999999 999999 2 0 0 0 7 2 0
0.0 0.0 0.804 0.137 1 0 3 0 500 -999999 999999 0 1 6 -999999 999999 -999999 999999 2 0 0 0 7 2 0
0.0 0.0 0.786 0.0 1 0 3 0 500 -999999 999999 0 1 6 -999999 999999 -999999 999999 2 0 0 0 7 2 0
-131.574 0.006 0.87 0.302 1 0 3 0 500 -999999 999999 0 1 6 -999999 999999 -999999 999999 2 0 0 0 7 2 0
-246.306 0.001 0.903 0.012 1 0 3 0 500 -999999 999999 0 1 6 -999999 999999 -999999 999999 2 0 0 0 7 2 0
-11.029 0.217 0.944 0.123 1 0 3 0 500 -999999 999999 0 1 6 -999999 999999 -999999 999999 2 0 0 0 7 2 0
-43.276 0.014 0.779 0.238 1 0 3 0 500 -999999 999999 0 1 6 -999999 999999 -999999 999999 2 0 0 0 7 2 0
7.871 0.021 0.961 0.006 1 0 3 0 500 -999999 999999 0 1 6 -999999 999999 -999999 999999 2 0 0 0 7 2 0
-103.642 0.42 0.679 0.002 1 0 3 0 500 -999999 999999 0 1 6 -999999 999999 -999999 999999 2 0 0 0 7 2 0
-78.53 0.378 0.932 0.411 1 0 3 0 500 -999999 999999 0 1 6 -999999 999999 -999999 999999 2 0 0 0 7 2 0
-0.358 0.596 0.999 0.007 1 0 3 0 500 -999999 999999 0 1 6 -999999 999999 -999999 999999 2 0 0 0 7 2 0
-248.975 0.003 0.965 0.026 1 0 3 0 500 -999999 999999 0 1 6 -999999 999999 -999999 999999 2 0 0 0 7 2 0
0.0 0.0 0.992 0.288 1 0 3 0 500 -999999 999999 0 1 6 -999999 999999 -999999 999999 2 0 0 0 7 2 0
-109.635 0.013 0.998 0.345 1 0 3 0 500 -999999 999999 0 1 6 -999999 999999 -999999 999999 2 0 0 0 7 2 0
7.867000000000002 0.331 0.969 0.004 1 0 3 0 500 -999999 999999 0 1 6 -999999 999999 -999999 999999 2 0 0 0 7 2 0
2.545 0.069 0.783 0.019 1 0 3 0 500 -999999 999999 0 1 6 -999999 999999 -999999 999999 2 0 0 0 7 2 0
0.0 0.194 0.727 0.46 1 0 3 0 500 -999999 999999 0 1 6 -999999 999999 -999999 999999 2 0 0 0 7 2 0
-58.209 0.212 0.97 0.393 1 0 3 0 500 -999999 999999 0 1 6 -999999 999999 -999999 999999 2 0 0 0 7 2 0
0.0 0.001 0.779 0.442 1 0 3 0 500 -999999 999999 0 1 6 -999999 999999 -999999 999999 2 0 0 0 7 2 0
-29.671999999999997 0.165 0.981 0.19 1 0 3 0 500 -999999 999999 0 1 6 -999999 999999 -999999 999999 2 0 0 0 7 2 0
-14.619 0.073 0.865 0.23 1 0 3 0 500 -999999 999999 0 1 6 -999999 999999 -999999 999999 2 0 0 0 7 2 0
4.590000000000001 0.497 0.883 0.003 1 0 3 0 500 -999999 999999 0 1 6 -999999 999999 -999999 999999 2 0 0 0 7 2 0
-160.12599999999998 0.004 0.68 0.333 1 0 3 0 500 -999999 999999 0 1 6 -999999 999999 -999999 999999 2 0 0 0 7 2 0
-592.09 0.019 0.927 0.647 1 0 3 0 500 -999999 999999 0 1 6 -999999 999999 -999999 999999 2 0 0 0 7 2 0
-34.790000000000006 0.037 0.994 0.363 1 0 3 0 500 -999999 999999 0 1 6 -999999 999999 -999999 999999 2 0 0 0 7 2 0
-34.778 0.184 0.999 0.392 1 0 3 0 500 -999999 999999 0 1 6 -999999 999999 -999999 999999 2 0 0 0 7 2 0
0.0 0.219 0.472 0.449 1 0 3 0 500 -999999 999999 0 1 6 -999999 999999 -999999 999999 2 0 0 0 7 2 0
-39.340999999999994 0.178 0.94 0.382 1 0 3 0 500 -999999 999999 0 1 6 -999999 999999 -999999 999999 2 0 0 0 7 2 0
-91.91 0.416 1.0 0.151 1 0 3 0 500 -999999 999999 0 1 6 -999999 999999 -999999 999999 2 0 0 0 7 2 0
-38.884 0.132 0.907 0.413 1 0 3 0 500 -999999 999999 0 1 6 -999999 999999 -999999 999999 2 0 0 0 7 2 0
-20.53 0.04 0.86 0.122 1 0 3 0 500 -999999 999999 0 1 6 -999999 999999 -999999 999999 2 0 0 0 7 2 0
-133.116 0.373 0.947 0.496 1 0 3 0 500 -999999 999999 0 1 6 -999999 999999 -999999 999999 2 0 0 0 7 2 0
0.0 0.379 0.751 0.105 1 0 3 0 500 -999999 999999 0 1 6 -999999 999999 -999999 999999 2 0 0 0 7 2 0
-524.48 0.161 0.802 0.593 1 0 3 0 500 -999999 999999 0 1 6 -999999 999999 -999999 999999 2 0 0 0 7 2 0
-551.02 0.13 0.882 0.596 1 0 3 0 500 -999999 999999 0 1 6 -999999 999999 -999999 999999 2 0 0 0 7 2 0
-67.90299999999999 0.022 0.997 0.45 1 0 3 0 500 -999999 999999 0 1 6 -999999 999999 -999999 999999 2 0 0 0 7 2 0
-68.084 0.67 0.921 0.046 1 0 3 0 500 -999999 999999 0 1 6 -999999 999999 -999999 999999 2 0 0 0 7 2 0
-17.682 0.124 0.947 0.42 1 0 3 0 500 -999999 999999 0 1 6 -999999 999999 -999999 999999 2 0 0 0 7 2 0
-52.666999999999994 0.292 0.944 0.097 1 0 3 0 500 -999999 999999 0 1 6 -999999 999999 -999999 999999 2 0 0 0 7 2 0
-16.774 0.435 0.991 0.047 1 0 3 0 500 -999999 999999 0 1 6 -999999 999999 -999999 999999 2 0 0 0 7 2 0
-123.08599999999998 0.006 0.949 0.231 1 0 3 0 500 -999999 999999 0 1 6 -999999 999999 -999999 999999 2 0 0 0 7 2 0
7.685 0.284 0.992 0.011 1 0 3 0 500 -999999 999999 0 1 6 -999999 999999 -999999 999999 2 0 0 0 7 2 0
-17.988 0.06 0.997 0.414 1 0 3 0 500 -999999 999999 0 1 6 -999999 999999 -999999 999999 2 0 0 0 7 2 0
-16.317 0.414 0.754 0.007 1 0 3 0 500 -999999 999999 0 1 6 -999999 999999 -999999 999999 2 0 0 0 7 2 0
-60.57900000000001 0.148 0.952 0.306 1 0 3 0 500 -999999 999999 0 1 6 -999999 999999 -999999 999999 2 0 0 0 7 2 0
-511.82 0.643 0.946 0.564 1 0 3 0 500 -999999 999999 0 1 6 -999999 999999 -999999 999999 2 0 0 0 7 2 0
7.871 0.107 0.998 0.043 1 0 3 0 500 -999999 999999 0 1 6 -999999 999999 -999999 999999 2 0 0 0 7 2 0
7.871 0.066 0.998 0.015 1 0 3 0 500 -999999 999999 0 1 6 -999999 999999 -999999 999999 2 0 0 0 7 2 0
-36.637 0.019 0.998 0.222 1 0 3 0 500 -999999 999999 0 1 6 -999999 999999 -999999 999999 2 0 0 0 7 2 0
-10.739999999999998 0.05 0.899 0.112 1 0 3 0 500 -999999 999999 0 1 6 -999999 999999 -999999 999999 2 0 0 0 7 2 0
-512.04 0.019 0.999 0.496 1 0 3 0 500 -999999 999999 0 1 6 -999999 999999 -999999 999999 2 0 0 0 7 2 0
-121.701 0.004 0.962 0.013 1 0 3 0 500 -999999 999999 0 1 6 -999999 999999 -999999 999999 2 0 0 0 7 2 0
5.837999999999999 0.022 0.952 0.076 1 0 3 0 500 -999999 999999 0 1 6 -999999 999999 -999999 999999 2 0 0 0 7 2 0
0.0 0.165 0.556 0.45 1 0 3 0 500 -999999 999999 0 1 6 -999999 999999 -999999 999999 2 0 0 0 7 2 0
-15.356 0.188 0.976 0.386 1 0 3 0 500 -999999 999999 0 1 6 -999999 999999 -999999 999999 2 0 0 0 7 2 0
-305.813 0.001 0.997 0.005 1 0 3 0 500 -999999 999999 0 1 6 -999999 999999 -999999 999999 2 0 0 0 7 2 0
4.577 0.217 0.966 0.12 1 0 3 0 500 -999999 999999 0 1 6 -999999 999999 -999999 999999 2 0 0 0 7 2 0
-2.309 0.218 0.926 0.091 1 0 3 0 500 -999999 999999 0 1 6 -999999 999999 -999999 999999 2 0 0 0 7 2 0
-20.403 0.024 0.978 0.19 1 0 3 0 500 -999999 999999 0 1 6 -999999 999999 -999999 999999 2 0 0 0 7 2 0
-82.88700000000001 0.503 0.98 0.202 1 0 3 0 500 -999999 999999 0 1 6 -999999 999999 -999999 999999 2 0 0 0 7 2 0
-631.54 0.028 0.964 0.717 1 0 3 0 500 -999999 999999 0 1 6 -999999 999999 -999999 999999 2 0 0 0 7 2 0
-220.02799999999996 0.003 0.89 0.037 1 0 3 0 500 -999999 999999 0 1 6 -999999 999999 -999999 999999 2 0 0 0 7 2 0
-534.38 0.038 0.872 0.564 1 0 3 0 500 -999999 999999 0 1 6 -999999 999999 -999999 999999 2 0 0 0 7 2 0
0.0 0.0 0.985 0.165 1 0 3 0 500 -999999 999999 0 1 6 -999999 999999 -999999 999999 2 0 0 0 7 2 0
-0.1100000000000001 0.053 0.925 0.124 1 0 3 0 500 -999999 999999 0 1 6 -999999 999999 -999999 999999 2 0 0 0 7 2 0
-529.37 0.09 0.961 0.53 1 0 3 0 500 -999999 999999 0 1 6 -999999 999999 -999999 999999 2 0 0 0 7 2 0
-194.444 0.002 0.981 0.458 1 0 3 0 500 -999999 999999 0 1 6 -999999 999999 -999999 999999 2 0 0 0 7 2 0
-3.5460000000000007 0.503 0.997 0.085 1 0 3 0 500 -999999 999999 0 1 6 -999999 999999 -999999 999999 2 0 0 0 7 2 0
-65.20200000000001 0.385 0.906 0.085 1 0 3 0 500 -999999 999999 0 1 6 -999999 999999 -999999 999999 2 0 0 0 7 2 0
-406.407 0.762 0.917 0.287 1 0 3 0 500 -999999 999999 0 1 6 -999999 999999 -999999 999999 2 0 0 0 7 2 0
-75.297 0.034 0.818 0.374 1 0 3 0 500 -999999 999999 0 1 6 -999999 999999 -999999 999999 2 0 0 0 7 2 0
2.5660000000000003 0.048 0.81 0.011 1 0 3 0 500 -999999 999999 0 1 6 -999999 999999 -999999 999999 2 0 0 0 7 2 0
-17.939 0.429 0.939 0.092 1 0 3 0 500 -999999 999999 0 1 6 -999999 999999 -999999 999999 2 0 0 0 7 2 0
-104.492 0.014 0.998 0.413 1 0 3 0 500 -999999 999999 0 1 6 -999999 999999 -999999 999999 2 0 0 0 7 2 0
-21.47 0.17 0.999 0.182 1 0 3 0 500 -999999 999999 0 1 6 -999999 999999 -999999 999999 2 0 0 0 7 2 0
-73.87700000000001 0.012 0.905 0.148 1 0 3 0 500 -999999 999999 0 1 6 -999999 999999 -999999 999999 2 0 0 0 7 2 0
-27.669 0.061 0.81 0.227 1 0 3 0 500 -999999 999999 0 1 6 -999999 999999 -999999 999999 2 0 0 0 7 2 0
-67.901 0.012 1.0 0.211 1 0 3 0 500 -999999 999999 0 1 6 -999999 999999 -999999 999999 2 0 0 0 7 2 0
0.0 0.001 0.99 0.098 1 0 3 0 500 -999999 999999 0 1 6 -999999 999999 -999999 999999 2 0 0 0 7 2 0
-56.039 0.033 1.0 0.399 1 0 3 0 500 -999999 999999 0 1 6 -999999 999999 -999999 999999 2 0 0 0 7 2 0
7.871 0.093 0.947 0.027 1 0 3 0 500 -999999 999999 0 1 6 -999999 999999 -999999 999999 2 0 0 0 7 2 0
-111.93300000000002 0.651 0.999 0.103 1 0 3 0 500 -999999 999999 0 1 6 -999999 999999 -999999 999999 2 0 0 0 7 2 0
7.871 0.031 0.915 0.047 1 0 3 0 500 -999999 999999 0 1 6 -999999 999999 -999999 999999 2 0 0 0 7 2 0
0.0 0.0 0.874 0.117 1 0 3 0 500 -999999 999999 0 1 6 -999999 999999 -999999 999999 2 0 0 0 7 2 0
7.871 0.049 0.938 0.035 1 0 3 0 500 -999999 999999 0 1 6 -999999 999999 -999999 999999 2 0 0 0 7 2 0
-542.81 0.005 0.985 0.543 1 0 3 0 500 -999999 999999 0 1 6 -999999 999999 -999999 999999 2 0 0 0 7 2 0
-25.334 0.01 0.965 0.015 1 0 3 0 500 -999999 999999 0 1 6 -999999 999999 -999999 999999 2 0 0 0 7 2 0
7.863000000000001 0.171 0.944 0.023 1 0 3 0 500 -999999 999999 0 1 6 -999999 999999 -999999 999999 2 0 0 0 7 2 0
7.871 0.062 0.997 0.016 1 0 3 0 500 -999999 999999 0 1 6 -999999 999999 -999999 999999 2 0 0 0 7 2 0
-27.354000000000003 0.216 0.937 0.22 1 0 3 0 500 -999999 999999 0 1 6 -999999 999999 -999999 999999 2 0 0 0 7 2 0
-17.520999999999997 0.137 0.888 0.158 1 0 3 0 500 -999999 999999 0 1 6 -999999 999999 -999999 999999 2 0 0 0 7 2 0
-5.371 0.131 0.875 0.2 1 0 3 0 500 -999999 999999 0 1 6 -999999 999999 -999999 999999 2 0 0 0 7 2 0
-10.149 0.194 0.982 0.191 1 0 3 0 500 -999999 999999 0 1 6 -999999 999999 -999999 999999 2 0 0 0 7 2 0
-34.028 0.115 0.936 0.184 1 0 3 0 500 -999999 999999 0 1 6 -999999 999999 -999999 999999 2 0 0 0 7 2 0
-84.609 0.007 0.998 0.151 1 0 3 0 500 -999999 999999 0 1 6 -999999 999999 -999999 999999 2 0 0 0 7 2 0
-284.637 0.002 0.975 0.069 1 0 3 0 500 -999999 999999 0 1 6 -999999 999999 -999999 999999 2 0 0 0 7 2 0
-20.645 0.121 0.927 0.316 1 0 3 0 500 -999999 999999 0 1 6 -999999 999999 -999999 999999 2 0 0 0 7 2 0
-222.027 0.003 0.9 0.053 1 0 3 0 500 -999999 999999 0 1 6 -999999 999999 -999999 999999 2 0 0 0 7 2 0
-86.083 0.019 0.998 0.412 1 0 3 0 500 -999999 999999 0 1 6 -999999 999999 -999999 999999 2 0 0 0 7 2 0
7.262 0.031 0.99 0.108 1 0 3 0 500 -999999 999999 0 1 6 -999999 999999 -999999 999999 2 0 0 0 7 2 0
-37.408 0.043 0.998 0.39 1 0 3 0 500 -999999 999999 0 1 6 -999999 999999 -999999 999999 2 0 0 0 7 2 0
0.0 0.629 0.453 0.17 1 0 3 0 500 -999999 999999 0 1 6 -999999 999999 -999999 999999 2 0 0 0 7 2 0
-0.0820000000000001 0.549 0.948 0.014 1 0 3 0 500 -999999 999999 0 1 6 -999999 999999 -999999 999999 2 0 0 0 7 2 0
-155.39 0.03 0.691 0.363 1 0 3 0 500 -999999 999999 0 1 6 -999999 999999 -999999 999999 2 0 0 0 7 2 0
-43.52100000000001 0.411 0.988 0.193 1 0 3 0 500 -999999 999999 0 1 6 -999999 999999 -999999 999999 2 0 0 0 7 2 0
-21.775 0.221 0.999 0.158 1 0 3 0 500 -999999 999999 0 1 6 -999999 999999 -999999 999999 2 0 0 0 7 2 0
0.0 0.502 0.601 0.349 1 0 3 0 500 -999999 999999 0 1 6 -999999 999999 -999999 999999 2 0 0 0 7 2 0
0.0 0.0 0.804 0.174 1 0 3 0 500 -999999 999999 0 1 6 -999999 999999 -999999 999999 2 0 0 0 7 2 0
-557.26 0.097 0.997 0.634 1 0 3 0 500 -999999 999999 0 1 6 -999999 999999 -999999 999999 2 0 0 0 7 2 0
-148.581 0.005 0.772 0.371 1 0 3 0 500 -999999 999999 0 1 6 -999999 999999 -999999 999999 2 0 0 0 7 2 0
-80.773 0.007 0.991 0.101 1 0 3 0 500 -999999 999999 0 1 6 -999999 999999 -999999 999999 2 0 0 0 7 2 0
0.0 0.493 0.739 0.178 1 0 3 0 500 -999999 999999 0 1 6 -999999 999999 -999999 999999 2 0 0 0 7 2 0
-1.216 0.219 0.963 0.37 1 0 3 0 500 -999999 999999 0 1 6 -999999 999999 -999999 999999 2 0 0 0 7 2 0
-20.552 0.034 0.995 0.217 1 0 3 0 500 -999999 999999 0 1 6 -999999 999999 -999999 999999 2 0 0 0 7 2 0
-27.344 0.12 0.99 0.147 1 0 3 0 500 -999999 999999 0 1 6 -999999 999999 -999999 999999 2 0 0 0 7 2 0
-2.529 0.12 0.84 0.05 1 0 3 0 500 -999999 999999 0 1 6 -999999 999999 -999999 999999 2 0 0 0 7 2 0
-0.4609999999999999 0.24 0.92 0.058 1 0 3 0 500 -999999 999999 0 1 6 -999999 999999 -999999 999999 2 0 0 0 7 2 0
-189.83 0.378 0.862 0.449 1 0 3 0 500 -999999 999999 0 1 6 -999999 999999 -999999 999999 2 0 0 0 7 2 0
7.861 0.274 0.915 0.014 1 0 3 0 500 -999999 999999 0 1 6 -999999 999999 -999999 999999 2 0 0 0 7 2 0
0.0 0.043 0.776 0.457 1 0 3 0 500 -999999 999999 0 1 6 -999999 999999 -999999 999999 2 0 0 0 7 2 0
-166.567 0.003 0.974 0.199 1 0 3 0 500 -999999 999999 0 1 6 -999999 999999 -999999 999999 2 0 0 0 7 2 0
-529.59 0.007 0.798 0.541 1 0 3 0 500 -999999 999999 0 1 6 -999999 999999 -999999 999999 2 0 0 0 7 2 0
7.871 0.038 1.0 0.104 1 0 3 0 500 -999999 999999 0 1 6 -999999 999999 -999999 999999 2 0 0 0 7 2 0
-63.208000000000006 0.177 0.811 0.26 1 0 3 0 500 -999999 999999 0 1 6 -999999 999999 -999999 999999 2 0 0 0 7 2 0
-200.0 0.001 0.995 0.363 1 0 3 0 500 -999999 999999 0 1 6 -999999 999999 -999999 999999 2 0 0 0 7 2 0
-70.39000000000001 0.027 1.0 0.34 1 0 3 0 500 -999999 999999 0 1 6 -999999 999999 -999999 999999 2 0 0 0 7 2 0
-503.21 0.0 0.768 0.515 1 0 3 0 500 -999999 999999 0 1 6 -999999 999999 -999999 999999 2 0 0 0 7 2 0
0.0 0.265 0.682 0.188 1 0 3 0 500 -999999 999999 0 1 6 -999999 999999 -999999 999999 2 0 0 0 7 2 0
-606.78 0.064 0.999 0.701 1 0 3 0 500 -999999 999999 0 1 6 -999999 999999 -999999 999999 2 0 0 0 7 2 0
7.871 0.122 1.0 0.1 1 0 3 0 500 -999999 999999 0 1 6 -999999 999999 -999999 999999 2 0 0 0 7 2 0
-637.52 0.024 0.944 0.743 1 0 3 0 500 -999999 999999 0 1 6 -999999 999999 -999999 999999 2 0 0 0 7 2 0
7.871 0.022 0.974 0.001 1 0 3 0 500 -999999 999999 0 1 6 -999999 999999 -999999 999999 2 0 0 0 7 2 0
-37.614999999999995 0.047 0.972 0.473 1 0 3 0 500 -999999 999999 0 1 6 -999999 999999 -999999 999999 2 0 0 0 7 2 0
-178.368 0.003 0.874 0.159 1 0 3 0 500 -999999 999999 0 1 6 -999999 999999 -999999 999999 2 0 0 0 7 2 0
-13.431 0.168 0.922 0.34 1 0 3 0 500 -999999 999999 0 1 6 -999999 999999 -999999 999999 2 0 0 0 7 2 0
-64.001 0.018 0.961 0.292 1 0 3 0 500 -999999 999999 0 1 6 -999999 999999 -999999 999999 2 0 0 0 7 2 0
-4.293000000000001 0.098 0.988 0.478 1 0 3 0 500 -999999 999999 0 1 6 -999999 999999 -999999 999999 2 0 0 0 7 2 0
6.395999999999999 0.431 0.974 0.055 1 0 3 0 500 -999999 999999 0 1 6 -999999 999999 -999999 999999 2 0 0 0 7 2 0
-622.24 0.011 0.836 0.696 1 0 3 0 500 -999999 999999 0 1 6 -999999 999999 -999999 999999 2 0 0 0 7 2 0
2.5799999999999996 0.024 0.886 0.036 1 0 3 0 500 -999999 999999 0 1 6 -999999 999999 -999999 999999 2 0 0 0 7 2 0
-570.01 0.098 0.874 0.61 1 0 3 0 500 -999999 999999 0 1 6 -999999 999999 -999999 999999 2 0 0 0 7 2 0
-115.654 0.43 0.828 0.173 1 0 3 0 500 -999999 999999 0 1 6 -999999 999999 -999999 999999 2 0 0 0 7 2 0
-103.92 0.007 0.811 0.036 1 0 3 0 500 -999999 999999 0 1 6 -999999 999999 -999999 999999 2 0 0 0 7 2 0
7.867 0.109 0.979 0.05 1 0 3 0 500 -999999 999999 0 1 6 -999999 999999 -999999 999999 2 0 0 0 7 2 0
-549.23 0.034 0.939 0.558 1 0 3 0 500 -999999 999999 0 1 6 -999999 999999 -999999 999999 2 0 0 0 7 2 0
-40.463 0.349 0.972 0.247 1 0 3 0 500 -999999 999999 0 1 6 -999999 999999 -999999 999999 2 0 0 0 7 2 0
-168.964 0.005 1.0 0.445 1 0 3 0 500 -999999 999999 0 1 6 -999999 999999 -999999 999999 2 0 0 0 7 2 0
-88.17800000000001 0.464 0.973 0.112 1 0 3 0 500 -999999 999999 0 1 6 -999999 999999 -999999 999999 2 0 0 0 7 2 0
0.0 0.326 0.539 0.013 1 0 3 0 500 -999999 999999 0 1 6 -999999 999999 -999999 999999 2 0 0 0 7 2 0
7.871 0.018 0.993 0.017 1 0 3 0 500 -999999 999999 0 1 6 -999999 999999 -999999 999999 2 0 0 0 7 2 0
-577.94 0.04 0.953 0.656 1 0 3 0 500 -999999 999999 0 1 6 -999999 999999 -999999 999999 2 0 0 0 7 2 0
0.0 0.187 0.622 0.171 1 0 3 0 500 -999999 999999 0 1 6 -999999 999999 -999999 999999 2 0 0 0 7 2 0
-0.355 0.181 0.986 0.342 1 0 3 0 500 -999999 999999 0 1 6 -999999 999999 -999999 999999 2 0 0 0 7 2 0
-6.803 0.564 0.998 0.018 1 0 3 0 500 -999999 999999 0 1 6 -999999 999999 -999999 999999 2 0 0 0 7 2 0
7.871 0.021 0.968 0.016 1 0 3 0 500 -999999 999999 0 1 6 -999999 999999 -999999 999999 2 0 0 0 7 2 0
7.871 0.116 0.973 0.032 1 0 3 0 500 -999999 999999 0 1 6 -999999 999999 -999999 999999 2 0 0 0 7 2 0
-65.147 0.013 0.999 0.215 1 0 3 0 500 -999999 999999 0 1 6 -999999 999999 -999999 999999 2 0 0 0 7 2 0
0.0 0.0 1.0 0.067 1 0 3 0 500 -999999 999999 0 1 6 -999999 999999 -999999 999999 2 0 0 0 7 2 0
-542.03 0.152 0.984 0.569 1 0 3 0 500 -999999 999999 0 1 6 -999999 999999 -999999 999999 2 0 0 0 7 2 0
4.3420000000000005 0.138 0.924 0.101 1 0 3 0 500 -999999 999999 0 1 6 -999999 999999 -999999 999999 2 0 0 0 7 2 0
7.871 0.034 0.996 0.047 1 0 3 0 500 -999999 999999 0 1 6 -999999 999999 -999999 999999 2 0 0 0 7 2 0
4.988 0.108 1.0 0.209 1 0 3 0 500 -999999 999999 0 1 6 -999999 999999 -999999 999999 2 0 0 0 7 2 0
-103.78600000000002 0.01 0.941 0.292 1 0 3 0 500 -999999 999999 0 1 6 -999999 999999 -999999 999999 2 0 0 0 7 2 0
-201.603 0.742 0.904 0.087 1 0 3 0 500 -999999 999999 0 1 6 -999999 999999 -999999 999999 2 0 0 0 7 2 0
-322.29200000000003 0.708 0.992 0.315 1 0 3 0 500 -999999 999999 0 1 6 -999999 999999 -999999 999999 2 0 0 0 7 2 0
7.871 0.053 0.94 0.026 1 0 3 0 500 -999999 999999 0 1 6 -999999 999999 -999999 999999 2 0 0 0 7 2 0
7.871 0.048 0.973 0.018 1 0 3 0 500 -999999 999999 0 1 6 -999999 999999 -999999 999999 2 0 0 0 7 2 0
7.450999999999999 0.119 0.938 0.104 1 0 3 0 500 -999999 999999 0 1 6 -999999 999999 -999999 999999 2 0 0 0 7 2 0
7.871 0.035 0.942 0.022 1 0 3 0 500 -999999 999999 0 1 6 -999999 999999 -999999 999999 2 0 0 0 7 2 0
-108.57600000000002 0.33 0.978 0.465 1 0 3 0 500 -999999 999999 0 1 6 -999999 999999 -999999 999999 2 0 0 0 7 2 0
-23.333 0.055 0.974 0.403 1 0 3 0 500 -999999 999999 0 1 6 -999999 999999 -999999 999999 2 0 0 0 7 2 0
-613.73 0.01 0.882 0.665 1 0 3 0 500 -999999 999999 0 1 6 -999999 999999 -999999 999999 2 0 0 0 7 2 0
-172.022 0.003 0.981 0.185 1 0 3 0 500 -999999 999999 0 1 6 -999999 999999 -999999 999999 2 0 0 0 7 2 0
0.0 0.002 0.949 0.469 1 0 3 0 500 -999999 999999 0 1 6 -999999 999999 -999999 999999 2 0 0 0 7 2 0
-66.709 0.423 0.989 0.539 1 0 3 0 500 -999999 999999 0 1 6 -999999 999999 -999999 999999 2 0 0 0 7 2 0
7.871 0.109 0.935 0.072 1 0 3 0 500 -999999 999999 0 1 6 -999999 999999 -999999 999999 2 0 0 0 7 2 0
-60.38199999999999 0.031 1.0 0.337 1 0 3 0 500 -999999 999999 0 1 6 -999999 999999 -999999 999999 2 0 0 0 7 2 0
-38.726 0.011 1.0 0.138 1 0 3 0 500 -999999 999999 0 1 6 -999999 999999 -999999 999999 2 0 0 0 7 2 0
-23.961 0.032 0.746 0.008 1 0 3 0 500 -999999 999999 0 1 6 -999999 999999 -999999 999999 2 0 0 0 7 2 0
-34.656 0.204 0.928 0.215 1 0 3 0 500 -999999 999999 0 1 6 -999999 999999 -999999 999999 2 0 0 0 7 2 0
-6.689 0.103 0.999 0.337 1 0 3 0 500 -999999 999999 0 1 6 -999999 999999 -999999 999999 2 0 0 0 7 2 0
-13.587 0.127 0.989 0.249 1 0 3 0 500 -999999 999999 0 1 6 -999999 999999 -999999 999999 2 0 0 0 7 2 0
4.821 0.057 0.892 0.055 1 0 3 0 500 -999999 999999 0 1 6 -999999 999999 -999999 999999 2 0 0 0 7 2 0
7.871 0.033 0.884 0.009 1 0 3 0 500 -999999 999999 0 1 6 -999999 999999 -999999 999999 2 0 0 0 7 2 0
-50.71 0.145 0.999 0.274 1 0 3 0 500 -999999 999999 0 1 6 -999999 999999 -999999 999999 2 0 0 0 7 2 0
-28.357 0.032 0.971 0.232 1 0 3 0 500 -999999 999999 0 1 6 -999999 999999 -999999 999999 2 0 0 0 7 2 0
-134.35499999999996 0.006 0.997 0.356 1 0 3 0 500 -999999 999999 0 1 6 -999999 999999 -999999 999999 2 0 0 0 7 2 0
-86.085 0.355 0.904 0.356 1 0 3 0 500 -999999 999999 0 1 6 -999999 999999 -999999 999999 2 0 0 0 7 2 0
0.0 0.168 0.729 0.251 1 0 3 0 500 -999999 999999 0 1 6 -999999 999999 -999999 999999 2 0 0 0 7 2 0
-40.132 0.566 0.979 0.104 1 0 3 0 500 -999999 999999 0 1 6 -999999 999999 -999999 999999 2 0 0 0 7 2 0
7.8610000000000015 0.101 0.995 0.081 1 0 3 0 500 -999999 999999 0 1 6 -999999 999999 -999999 999999 2 0 0 0 7 2 0
-186.451 0.418 0.851 0.372 1 0 3 0 500 -999999 999999 0 1 6 -999999 999999 -999999 999999 2 0 0 0 7 2 0
-20.205 0.113 0.954 0.296 1 0 3 0 500 -999999 999999 0 1 6 -999999 999999 -999999 999999 2 0 0 0 7 2 0
5.162000000000001 0.129 0.919 0.084 1 0 3 0 500 -999999 999999 0 1 6 -999999 999999 -999999 999999 2 0 0 0 7 2 0
7.871 0.02 0.948 0.024 1 0 3 0 500 -999999 999999 0 1 6 -999999 999999 -999999 999999 2 0 0 0 7 2 0
-621.76 0.478 1.0 0.765 1 0 3 0 500 -999999 999999 0 1 6 -999999 999999 -999999 999999 2 0 0 0 7 2 0
-48.511 0.303 0.987 0.491 1 0 3 0 500 -999999 999999 0 1 6 -999999 999999 -999999 999999 2 0 0 0 7 2 0
-15.373 0.073 0.952 0.226 1 0 3 0 500 -999999 999999 0 1 6 -999999 999999 -999999 999999 2 0 0 0 7 2 0
-24.79 0.037 0.798 0.192 1 0 3 0 500 -999999 999999 0 1 6 -999999 999999 -999999 999999 2 0 0 0 7 2 0
7.871 0.095 0.929 0.002 1 0 3 0 500 -999999 999999 0 1 6 -999999 999999 -999999 999999 2 0 0 0 7 2 0
7.871 0.134 1.0 0.038 1 0 3 0 500 -999999 999999 0 1 6 -999999 999999 -999999 999999 2 0 0 0 7 2 0
0.0 0.0 0.994 0.132 1 0 3 0 500 -999999 999999 0 1 6 -999999 999999 -999999 999999 2 0 0 0 7 2 0
-37.489 0.011 0.996 0.143 1 0 3 0 500 -999999 999999 0 1 6 -999999 999999 -999999 999999 2 0 0 0 7 2 0
-175.161 0.003 0.938 0.141 1 0 3 0 500 -999999 999999 0 1 6 -999999 999999 -999999 999999 2 0 0 0 7 2 0
7.662000000000001 0.065 0.987 0.167 1 0 3 0 500 -999999 999999 0 1 6 -999999 999999 -999999 999999 2 0 0 0 7 2 0
7.857000000000001 0.235 0.991 0.063 1 0 3 0 500 -999999 999999 0 1 6 -999999 999999 -999999 999999 2 0 0 0 7 2 0
-9.183000000000002 0.089 0.974 0.264 1 0 3 0 500 -999999 999999 0 1 6 -999999 999999 -999999 999999 2 0 0 0 7 2 0
-5.822 0.156 0.983 0.06 1 0 3 0 500 -999999 999999 0 1 6 -999999 999999 -999999 999999 2 0 0 0 7 2 0
-198.282 0.002 0.897 0.186 1 0 3 0 500 -999999 999999 0 1 6 -999999 999999 -999999 999999 2 0 0 0 7 2 0
7.871 0.126 0.998 0.068 1 0 3 0 500 -999999 999999 0 1 6 -999999 999999 -999999 999999 2 0 0 0 7 2 0
-14.099 0.026 0.897 0.109 1 0 3 0 500 -999999 999999 0 1 6 -999999 999999 -999999 999999 2 0 0 0 7 2 0
-55.175 0.058 0.982 0.459 1 0 3 0 500 -999999 999999 0 1 6 -999999 999999 -999999 999999 2 0 0 0 7 2 0
7.871 0.031 0.998 0.025 1 0 3 0 500 -999999 999999 0 1 6 -999999 999999 -999999 999999 2 0 0 0 7 2 0
-19.663 0.135 0.986 0.217 1 0 3 0 500 -999999 999999 0 1 6 -999999 999999 -999999 999999 2 0 0 0 7 2 0
-49.37500000000001 0.677 0.762 0.007 1 0 3 0 500 -999999 999999 0 1 6 -999999 999999 -999999 999999 2 0 0 0 7 2 0
-31.315000000000005 0.021 0.998 0.207 1 0 3 0 500 -999999 999999 0 1 6 -999999 999999 -999999 999999 2 0 0 0 7 2 0
-24.505000000000003 0.011 0.995 0.111 1 0 3 0 500 -999999 999999 0 1 6 -999999 999999 -999999 999999 2 0 0 0 7 2 0
3.775 0.112 0.954 0.244 1 0 3 0 500 -999999 999999 0 1 6 -999999 999999 -999999 999999 2 0 0 0 7 2 0
7.861 0.092 0.965 0.145 1 0 3 0 500 -999999 999999 0 1 6 -999999 999999 -999999 999999 2 0 0 0 7 2 0
-25.604000000000003 0.231 0.973 0.515 1 0 3 0 500 -999999 999999 0 1 6 -999999 999999 -999999 999999 2 0 0 0 7 2 0
0.0 0.503 0.692 0.323 1 0 3 0 500 -999999 999999 0 1 6 -999999 999999 -999999 999999 2 0 0 0 7 2 0
-197.863 0.002 0.828 0.422 1 0 3 0 500 -999999 999999 0 1 6 -999999 999999 -999999 999999 2 0 0 0 7 2 0
-45.06 0.32 0.966 0.287 1 0 3 0 500 -999999 999999 0 1 6 -999999 999999 -999999 999999 2 0 0 0 7 2 0
0.0 0.0 0.973 0.181 1 0 3 0 500 -999999 999999 0 1 6 -999999 999999 -999999 999999 2 0 0 0 7 2 0
0.0 0.23 0.495 0.436 1 0 3 0 500 -999999 999999 0 1 6 -999999 999999 -999999 999999 2 0 0 0 7 2 0
-509.4 0.054 0.999 0.49 1 0 3 0 500 -999999 999999 0 1 6 -999999 999999 -999999 999999 2 0 0 0 7 2 0
7.258999999999999 0.078 0.978 0.123 1 0 3 0 500 -999999 999999 0 1 6 -999999 999999 -999999 999999 2 0 0 0 7 2 0
-516.09 0.069 0.391 0.516 1 0 3 0 500 -999999 999999 0 1 6 -999999 999999 -999999 999999 2 0 0 0 7 2 0
7.871 0.048 0.988 0.05 1 0 3 0 500 -999999 999999 0 1 6 -999999 999999 -999999 999999 2 0 0 0 7 2 0
7.871 0.055 0.969 0.084 1 0 3 0 500 -999999 999999 0 1 6 -999999 999999 -999999 999999 2 0 0 0 7 2 0
-67.29499999999999 0.159 0.885 0.479 1 0 3 0 500 -999999 999999 0 1 6 -999999 999999 -999999 999999 2 0 0 0 7 2 0
-80.432 0.019 0.985 0.39 1 0 3 0 500 -999999 999999 0 1 6 -999999 999999 -999999 999999 2 0 0 0 7 2 0
7.871 0.051 0.948 0.068 1 0 3 0 500 -999999 999999 0 1 6 -999999 999999 -999999 999999 2 0 0 0 7 2 0
-49.745999999999995 0.02 0.824 0.097 1 0 3 0 500 -999999 999999 0 1 6 -999999 999999 -999999 999999 2 0 0 0 7 2 0
0.0 0.0 0.666 0.044 1 0 3 0 500 -999999 999999 0 1 6 -999999 999999 -999999 999999 2 0 0 0 7 2 0
-1.594 0.043 0.971 0.208 1 0 3 0 500 -999999 999999 0 1 6 -999999 999999 -999999 999999 2 0 0 0 7 2 0
-104.492 0.013 0.964 0.406 1 0 3 0 500 -999999 999999 0 1 6 -999999 999999 -999999 999999 2 0 0 0 7 2 0
-71.3 0.011 0.904 0.331 1 0 3 0 500 -999999 999999 0 1 6 -999999 999999 -999999 999999 2 0 0 0 7 2 0
7.864999999999999 0.1 0.991 0.067 1 0 3 0 500 -999999 999999 0 1 6 -999999 999999 -999999 999999 2 0 0 0 7 2 0
-23.254000000000005 0.181 0.966 0.3 1 0 3 0 500 -999999 999999 0 1 6 -999999 999999 -999999 999999 2 0 0 0 7 2 0
-19.297 0.122 0.933 0.312 1 0 3 0 500 -999999 999999 0 1 6 -999999 999999 -999999 999999 2 0 0 0 7 2 0
-49.415000000000006 0.146 0.974 0.226 1 0 3 0 500 -999999 999999 0 1 6 -999999 999999 -999999 999999 2 0 0 0 7 2 0
-34.551 0.077 0.987 0.362 1 0 3 0 500 -999999 999999 0 1 6 -999999 999999 -999999 999999 2 0 0 0 7 2 0
-336.036 0.001 0.999 0.055 1 0 3 0 500 -999999 999999 0 1 6 -999999 999999 -999999 999999 2 0 0 0 7 2 0
-149.894 0.006 0.977 0.07 1 0 3 0 500 -999999 999999 0 1 6 -999999 999999 -999999 999999 2 0 0 0 7 2 0
7.843000000000001 0.211 0.989 0.054 1 0 3 0 500 -999999 999999 0 1 6 -999999 999999 -999999 999999 2 0 0 0 7 2 0
-717.02 0.033 1.0 0.871 1 0 3 0 500 -999999 999999 0 1 6 -999999 999999 -999999 999999 2 0 0 0 7 2 0
-101.241 0.034 0.599 0.204 1 0 3 0 500 -999999 999999 0 1 6 -999999 999999 -999999 999999 2 0 0 0 7 2 0
-9.744 0.039 0.942 0.17 1 0 3 0 500 -999999 999999 0 1 6 -999999 999999 -999999 999999 2 0 0 0 7 2 0
-15.416 0.331 0.845 0.075 1 0 3 0 500 -999999 999999 0 1 6 -999999 999999 -999999 999999 2 0 0 0 7 2 0
-516.23 0.062 0.85 0.513 1 0 3 0 500 -999999 999999 0 1 6 -999999 999999 -999999 999999 2 0 0 0 7 2 0
-3.812 0.42 0.997 0.037 1 0 3 0 500 -999999 999999 0 1 6 -999999 999999 -999999 999999 2 0 0 0 7 2 0
-81.744 0.009 0.611 0.085 1 0 3 0 500 -999999 999999 0 1 6 -999999 999999 -999999 999999 2 0 0 0 7 2 0
-32.81499999999999 0.046 0.854 0.308 1 0 3 0 500 -999999 999999 0 1 6 -999999 999999 -999999 999999 2 0 0 0 7 2 0
7.871 0.239 0.921 0.011 1 0 3 0 500 -999999 999999 0 1 6 -999999 999999 -999999 999999 2 0 0 0 7 2 0
-43.726 0.233 0.993 0.219 1 0 3 0 500 -999999 999999 0 1 6 -999999 999999 -999999 999999 2 0 0 0 7 2 0
7.871 0.116 0.866 0.014 1 0 3 0 500 -999999 999999 0 1 6 -999999 999999 -999999 999999 2 0 0 0 7 2 0
0.0 0.17 0.655 0.269 1 0 3 0 500 -999999 999999 0 1 6 -999999 999999 -999999 999999 2 0 0 0 7 2 0
-21.74 0.064 0.995 0.263 1 0 3 0 500 -999999 999999 0 1 6 -999999 999999 -999999 999999 2 0 0 0 7 2 0
7.867 0.098 0.994 0.057 1 0 3 0 500 -999999 999999 0 1 6 -999999 999999 -999999 999999 2 0 0 0 7 2 0
0.0 0.0 0.949 0.038 1 0 3 0 500 -999999 999999 0 1 6 -999999 999999 -999999 999999 2 0 0 0 7 2 0
-15.366 0.412 0.964 0.089 1 0 3 0 500 -999999 999999 0 1 6 -999999 999999 -999999 999999 2 0 0 0 7 2 0
7.871 0.053 0.998 0.101 1 0 3 0 500 -999999 999999 0 1 6 -999999 999999 -999999 999999 2 0 0 0 7 2 0
0.0 0.0 0.954 0.3 1 0 3 0 500 -999999 999999 0 1 6 -999999 999999 -999999 999999 2 0 0 0 7 2 0
-34.604 0.224 0.998 0.3 1 0 3 0 500 -999999 999999 0 1 6 -999999 999999 -999999 999999 2 0 0 0 7 2 0
-611.67 0.08 1.0 0.718 1 0 3 0 500 -999999 999999 0 1 6 -999999 999999 -999999 999999 2 0 0 0 7 2 0
-4.077 0.117 0.976 0.245 1 0 3 0 500 -999999 999999 0 1 6 -999999 999999 -999999 999999 2 0 0 0 7 2 0
-20.144 0.242 0.994 0.234 1 0 3 0 500 -999999 999999 0 1 6 -999999 999999 -999999 999999 2 0 0 0 7 2 0
0.0 0.221 0.74 0.343 1 0 3 0 500 -999999 999999 0 1 6 -999999 999999 -999999 999999 2 0 0 0 7 2 0
5.841 0.022 0.957 0.066 1 0 3 0 500 -999999 999999 0 1 6 -999999 999999 -999999 999999 2 0 0 0 7 2 0
1.0439999999999998 0.168 0.889 0.133 1 0 3 0 500 -999999 999999 0 1 6 -999999 999999 -999999 999999 2 0 0 0 7 2 0
-11.934 0.17 0.802 0.018 1 0 3 0 500 -999999 999999 0 1 6 -999999 999999 -999999 999999 2 0 0 0 7 2 0
-200.0 0.001 0.853 0.166 1 0 3 0 500 -999999 999999 0 1 6 -999999 999999 -999999 999999 2 0 0 0 7 2 0
-74.352 0.143 0.606 0.111 1 0 3 0 500 -999999 999999 0 1 6 -999999 999999 -999999 999999 2 0 0 0 7 2 0
-100.73 0.007 0.999 0.168 1 0 3 0 500 -999999 999999 0 1 6 -999999 999999 -999999 999999 2 0 0 0 7 2 0
7.871 0.208 0.922 0.01 1 0 3 0 500 -999999 999999 0 1 6 -999999 999999 -999999 999999 2 0 0 0 7 2 0
7.871 0.06 0.993 0.097 1 0 3 0 500 -999999 999999 0 1 6 -999999 999999 -999999 999999 2 0 0 0 7 2 0
-0.3040000000000001 0.017 0.838 0.001 1 0 3 0 500 -999999 999999 0 1 6 -999999 999999 -999999 999999 2 0 0 0 7 2 0
-197.64 0.002 0.84 0.192 1 0 3 0 500 -999999 999999 0 1 6 -999999 999999 -999999 999999 2 0 0 0 7 2 0
-83.235 0.008 0.936 0.155 1 0 3 0 500 -999999 999999 0 1 6 -999999 999999 -999999 999999 2 0 0 0 7 2 0
-106.726 0.008 0.855 0.238 1 0 3 0 500 -999999 999999 0 1 6 -999999 999999 -999999 999999 2 0 0 0 7 2 0
-7.845999999999999 0.296 0.987 0.066 1 0 3 0 500 -999999 999999 0 1 6 -999999 999999 -999999 999999 2 0 0 0 7 2 0
-65.79400000000001 0.043 0.85 0.41 1 0 3 0 500 -999999 999999 0 1 6 -999999 999999 -999999 999999 2 0 0 0 7 2 0
-24.909 0.047 0.959 0.244 1 0 3 0 500 -999999 999999 0 1 6 -999999 999999 -999999 999999 2 0 0 0 7 2 0
7.871 0.104 0.979 0.059 1 0 3 0 500 -999999 999999 0 1 6 -999999 999999 -999999 999999 2 0 0 0 7 2 0
-62.497 0.295 0.685 0.041 1 0 3 0 500 -999999 999999 0 1 6 -999999 999999 -999999 999999 2 0 0 0 7 2 0
-591.25 0.15 0.907 0.68 1 0 3 0 500 -999999 999999 0 1 6 -999999 999999 -999999 999999 2 0 0 0 7 2 0
-111.547 0.011 0.885 0.383 1 0 3 0 500 -999999 999999 0 1 6 -999999 999999 -999999 999999 2 0 0 0 7 2 0
0.0 0.37 0.752 0.247 1 0 3 0 500 -999999 999999 0 1 6 -999999 999999 -999999 999999 2 0 0 0 7 2 0
-71.59299999999999 0.308 0.977 0.442 1 0 3 0 500 -999999 999999 0 1 6 -999999 999999 -999999 999999 2 0 0 0 7 2 0
-107.201 0.007 1.0 0.194 1 0 3 0 500 -999999 999999 0 1 6 -999999 999999 -999999 999999 2 0 0 0 7 2 0
-75.31700000000001 0.012 0.986 0.219 1 0 3 0 500 -999999 999999 0 1 6 -999999 999999 -999999 999999 2 0 0 0 7 2 0
7.703 0.158 0.92 0.029 1 0 3 0 500 -999999 999999 0 1 6 -999999 999999 -999999 999999 2 0 0 0 7 2 0
1.011 0.159 0.997 0.271 1 0 3 0 500 -999999 999999 0 1 6 -999999 999999 -999999 999999 2 0 0 0 7 2 0
0.0 0.79 0.54 0.021 1 0 3 0 500 -999999 999999 0 1 6 -999999 999999 -999999 999999 2 0 0 0 7 2 0
-153.099 0.004 0.915 0.169 1 0 3 0 500 -999999 999999 0 1 6 -999999 999999 -999999 999999 2 0 0 0 7 2 0
7.871 0.087 0.886 0.001 1 0 3 0 500 -999999 999999 0 1 6 -999999 999999 -999999 999999 2 0 0 0 7 2 0
-38.58 0.308 0.998 0.198 1 0 3 0 500 -999999 999999 0 1 6 -999999 999999 -999999 999999 2 0 0 0 7 2 0
1.645 0.212 0.891 0.033 1 0 3 0 500 -999999 999999 0 1 6 -999999 999999 -999999 999999 2 0 0 0 7 2 0
-2.873 0.213 0.991 0.083 1 0 3 0 500 -999999 999999 0 1 6 -999999 999999 -999999 999999 2 0 0 0 7 2 0
0.0 0.212 0.867 0.373 1 0 3 0 500 -999999 999999 0 1 6 -999999 999999 -999999 999999 2 0 0 0 7 2 0
-44.037000000000006 0.407 0.943 0.138 1 0 3 0 500 -999999 999999 0 1 6 -999999 999999 -999999 999999 2 0 0 0 7 2 0
-114.01 0.008 0.915 0.263 1 0 3 0 500 -999999 999999 0 1 6 -999999 999999 -999999 999999 2 0 0 0 7 2 0
7.871 0.059 0.999 0.107 1 0 3 0 500 -999999 999999 0 1 6 -999999 999999 -999999 999999 2 0 0 0 7 2 0
-58.086 0.202 0.879 0.214 1 0 3 0 500 -999999 999999 0 1 6 -999999 999999 -999999 999999 2 0 0 0 7 2 0
-44.164 0.013 0.581 0.068 1 0 3 0 500 -999999 999999 0 1 6 -999999 999999 -999999 999999 2 0 0 0 7 2 0
-192.957 0.002 0.856 0.128 1 0 3 0 500 -999999 999999 0 1 6 -999999 999999 -999999 999999 2 0 0 0 7 2 0
0.0 0.0 0.953 0.109 1 0 3 0 500 -999999 999999 0 1 6 -999999 999999 -999999 999999 2 0 0 0 7 2 0
0.0 0.0 0.992 0.055 1 0 3 0 500 -999999 999999 0 1 6 -999999 999999 -999999 999999 2 0 0 0 7 2 0
-22.53 0.045 0.987 0.3 1 0 3 0 500 -999999 999999 0 1 6 -999999 999999 -999999 999999 2 0 0 0 7 2 0
-3.679 0.118 0.919 0.077 1 0 3 0 500 -999999 999999 0 1 6 -999999 999999 -999999 999999 2 0 0 0 7 2 0
-132.60399999999998 0.01 0.946 0.424 1 0 3 0 500 -999999 999999 0 1 6 -999999 999999 -999999 999999 2 0 0 0 7 2 0
-35.58899999999999 0.067 0.995 0.46 1 0 3 0 500 -999999 999999 0 1 6 -999999 999999 -999999 999999 2 0 0 0 7 2 0
-16.901 0.245 0.924 0.286 1 0 3 0 500 -999999 999999 0 1 6 -999999 999999 -999999 999999 2 0 0 0 7 2 0
7.871 0.022 0.994 0.018 1 0 3 0 500 -999999 999999 0 1 6 -999999 999999 -999999 999999 2 0 0 0 7 2 0
7.691000000000001 0.359 0.992 0.042 1 0 3 0 500 -999999 999999 0 1 6 -999999 999999 -999999 999999 2 0 0 0 7 2 0
7.869 0.152 0.997 0.049 1 0 3 0 500 -999999 999999 0 1 6 -999999 999999 -999999 999999 2 0 0 0 7 2 0
7.853 0.208 0.971 0.072 1 0 3 0 500 -999999 999999 0 1 6 -999999 999999 -999999 999999 2 0 0 0 7 2 0
0.0 0.0 0.992 0.142 1 0 3 0 500 -999999 999999 0 1 6 -999999 999999 -999999 999999 2 0 0 0 7 2 0
7.863000000000001 0.151 0.999 0.082 1 0 3 0 500 -999999 999999 0 1 6 -999999 999999 -999999 999999 2 0 0 0 7 2 0
-104.996 0.007 0.999 0.187 1 0 3 0 500 -999999 999999 0 1 6 -999999 999999 -999999 999999 2 0 0 0 7 2 0
-550.53 0.094 0.84 0.557 1 0 3 0 500 -999999 999999 0 1 6 -999999 999999 -999999 999999 2 0 0 0 7 2 0
7.853 0.157 0.955 0.054 1 0 3 0 500 -999999 999999 0 1 6 -999999 999999 -999999 999999 2 0 0 0 7 2 0
-20.081 0.056 1.0 0.3 1 0 3 0 500 -999999 999999 0 1 6 -999999 999999 -999999 999999 2 0 0 0 7 2 0
-582.0 0.06 0.998 0.652 1 0 3 0 500 -999999 999999 0 1 6 -999999 999999 -999999 999999 2 0 0 0 7 2 0
-50.997 0.037 0.998 0.356 1 0 3 0 500 -999999 999999 0 1 6 -999999 999999 -999999 999999 2 0 0 0 7 2 0
4.561999999999999 0.131 0.951 0.187 1 0 3 0 500 -999999 999999 0 1 6 -999999 999999 -999999 999999 2 0 0 0 7 2 0
-10.248 0.205 0.822 0.021 1 0 3 0 500 -999999 999999 0 1 6 -999999 999999 -999999 999999 2 0 0 0 7 2 0
-9.439 0.115 0.964 0.4 1 0 3 0 500 -999999 999999 0 1 6 -999999 999999 -999999 999999 2 0 0 0 7 2 0
-50.724 0.021 0.908 0.348 1 0 3 0 500 -999999 999999 0 1 6 -999999 999999 -999999 999999 2 0 0 0 7 2 0
-7.605 0.218 1.0 0.118 1 0 3 0 500 -999999 999999 0 1 6 -999999 999999 -999999 999999 2 0 0 0 7 2 0
-0.685 0.613 0.984 0.02 1 0 3 0 500 -999999 999999 0 1 6 -999999 999999 -999999 999999 2 0 0 0 7 2 0
7.865 0.201 0.972 0.012 1 0 3 0 500 -999999 999999 0 1 6 -999999 999999 -999999 999999 2 0 0 0 7 2 0
-4.049 0.235 0.989 0.112 1 0 3 0 500 -999999 999999 0 1 6 -999999 999999 -999999 999999 2 0 0 0 7 2 0
7.871 0.07 1.0 0.026 1 0 3 0 500 -999999 999999 0 1 6 -999999 999999 -999999 999999 2 0 0 0 7 2 0
-55.04600000000001 0.298 1.0 0.212 1 0 3 0 500 -999999 999999 0 1 6 -999999 999999 -999999 999999 2 0 0 0 7 2 0
0.0 0.001 0.972 0.31 1 0 3 0 500 -999999 999999 0 1 6 -999999 999999 -999999 999999 2 0 0 0 7 2 0
-199.35700000000003 0.002 0.658 0.158 1 0 3 0 500 -999999 999999 0 1 6 -999999 999999 -999999 999999 2 0 0 0 7 2 0
-287.732 0.001 0.856 0.006 1 0 3 0 500 -999999 999999 0 1 6 -999999 999999 -999999 999999 2 0 0 0 7 2 0
2.575 0.023 0.908 0.049 1 0 3 0 500 -999999 999999 0 1 6 -999999 999999 -999999 999999 2 0 0 0 7 2 0
-67.522 0.032 0.61 0.105 1 0 3 0 500 -999999 999999 0 1 6 -999999 999999 -999999 999999 2 0 0 0 7 2 0
-543.04 0.247 0.681 0.604 1 0 3 0 500 -999999 999999 0 1 6 -999999 999999 -999999 999999 2 0 0 0 7 2 0
-45.622 0.036 0.956 0.361 1 0 3 0 500 -999999 999999 0 1 6 -999999 999999 -999999 999999 2 0 0 0 7 2 0
-5.145 0.057 0.91 0.122 1 0 3 0 500 -999999 999999 0 1 6 -999999 999999 -999999 999999 2 0 0 0 7 2 0
-23.43 0.219 0.867 0.066 1 0 3 0 500 -999999 999999 0 1 6 -999999 999999 -999999 999999 2 0 0 0 7 2 0
-164.118 0.004 0.921 0.338 1 0 3 0 500 -999999 999999 0 1 6 -999999 999999 -999999 999999 2 0 0 0 7 2 0
6.851000000000001 0.052 0.996 0.178 1 0 3 0 500 -999999 999999 0 1 6 -999999 999999 -999999 999999 2 0 0 0 7 2 0
7.262 0.02 0.976 0.062 1 0 3 0 500 -999999 999999 0 1 6 -999999 999999 -999999 999999 2 0 0 0 7 2 0
-60.61899999999999 0.009 0.994 0.136 1 0 3 0 500 -999999 999999 0 1 6 -999999 999999 -999999 999999 2 0 0 0 7 2 0
-55.34000000000001 0.028 0.877 0.394 1 0 3 0 500 -999999 999999 0 1 6 -999999 999999 -999999 999999 2 0 0 0 7 2 0
-30.671999999999997 0.224 0.967 0.13 1 0 3 0 500 -999999 999999 0 1 6 -999999 999999 -999999 999999 2 0 0 0 7 2 0
3.1789999999999994 0.025 0.928 0.055 1 0 3 0 500 -999999 999999 0 1 6 -999999 999999 -999999 999999 2 0 0 0 7 2 0
-45.895 0.021 0.954 0.388 1 0 3 0 500 -999999 999999 0 1 6 -999999 999999 -999999 999999 2 0 0 0 7 2 0
7.871 0.043 0.993 0.018 1 0 3 0 500 -999999 999999 0 1 6 -999999 999999 -999999 999999 2 0 0 0 7 2 0
-88.55799999999999 0.202 0.77 0.177 1 0 3 0 500 -999999 999999 0 1 6 -999999 999999 -999999 999999 2 0 0 0 7 2 0
-27.163 0.093 0.832 0.159 1 0 3 0 500 -999999 999999 0 1 6 -999999 999999 -999999 999999 2 0 0 0 7 2 0
-15.483 0.086 0.956 0.221 1 0 3 0 500 -999999 999999 0 1 6 -999999 999999 -999999 999999 2 0 0 0 7 2 0
0.0 0.0 0.739 0.315 1 0 3 0 500 -999999 999999 0 1 6 -999999 999999 -999999 999999 2 0 0 0 7 2 0
-35.237 0.33 0.944 0.285 1 0 3 0 500 -999999 999999 0 1 6 -999999 999999 -999999 999999 2 0 0 0 7 2 0
-540.96 0.231 0.968 0.577 1 0 3 0 500 -999999 999999 0 1 6 -999999 999999 -999999 999999 2 0 0 0 7 2 0
-9.375 0.039 0.891 0.12 1 0 3 0 500 -999999 999999 0 1 6 -999999 999999 -999999 999999 2 0 0 0 7 2 0
-123.593 0.006 0.999 0.162 1 0 3 0 500 -999999 999999 0 1 6 -999999 999999 -999999 999999 2 0 0 0 7 2 0
7.871 0.095 0.923 0.019 1 0 3 0 500 -999999 999999 0 1 6 -999999 999999 -999999 999999 2 0 0 0 7 2 0
0.0 0.084 0.557 0.465 1 0 3 0 500 -999999 999999 0 1 6 -999999 999999 -999999 999999 2 0 0 0 7 2 0
7.871 0.087 0.907 0.007 1 0 3 0 500 -999999 999999 0 1 6 -999999 999999 -999999 999999 2 0 0 0 7 2 0
0.0 0.0 0.892 0.459 1 0 3 0 500 -999999 999999 0 1 6 -999999 999999 -999999 999999 2 0 0 0 7 2 0
0.0 0.0 0.998 0.244 1 0 3 0 500 -999999 999999 0 1 6 -999999 999999 -999999 999999 2 0 0 0 7 2 0
7.871 0.041 0.992 0.029 1 0 3 0 500 -999999 999999 0 1 6 -999999 999999 -999999 999999 2 0 0 0 7 2 0
-16.564999999999998 0.263 1.0 0.308 1 0 3 0 500 -999999 999999 0 1 6 -999999 999999 -999999 999999 2 0 0 0 7 2 0
-1.831 0.094 0.799 0.085 1 0 3 0 500 -999999 999999 0 1 6 -999999 999999 -999999 999999 2 0 0 0 7 2 0
-45.64300000000001 0.048 0.989 0.384 1 0 3 0 500 -999999 999999 0 1 6 -999999 999999 -999999 999999 2 0 0 0 7 2 0
-109.294 0.007 0.856 0.145 1 0 3 0 500 -999999 999999 0 1 6 -999999 999999 -999999 999999 2 0 0 0 7 2 0
7.871 0.05 1.0 0.027 1 0 3 0 500 -999999 999999 0 1 6 -999999 999999 -999999 999999 2 0 0 0 7 2 0
-21.021 0.042 0.981 0.259 1 0 3 0 500 -999999 999999 0 1 6 -999999 999999 -999999 999999 2 0 0 0 7 2 0
-73.65299999999999 0.345 0.862 0.097 1 0 3 0 500 -999999 999999 0 1 6 -999999 999999 -999999 999999 2 0 0 0 7 2 0
-47.7 0.11 0.878 0.395 1 0 3 0 500 -999999 999999 0 1 6 -999999 999999 -999999 999999 2 0 0 0 7 2 0
-624.02 0.014 0.654 0.709 1 0 3 0 500 -999999 999999 0 1 6 -999999 999999 -999999 999999 2 0 0 0 7 2 0
-100.002 0.402 0.996 0.335 1 0 3 0 500 -999999 999999 0 1 6 -999999 999999 -999999 999999 2 0 0 0 7 2 0
-18.33 0.277 0.997 0.409 1 0 3 0 500 -999999 999999 0 1 6 -999999 999999 -999999 999999 2 0 0 0 7 2 0
-76.89200000000001 0.386 0.995 0.446 1 0 3 0 500 -999999 999999 0 1 6 -999999 999999 -999999 999999 2 0 0 0 7 2 0
-106.957 0.009 0.856 0.454 1 0 3 0 500 -999999 999999 0 1 6 -999999 999999 -999999 999999 2 0 0 0 7 2 0
-151.344 0.091 0.808 0.453 1 0 3 0 500 -999999 999999 0 1 6 -999999 999999 -999999 999999 2 0 0 0 7 2 0
7.871 0.178 0.999 0.067 1 0 3 0 500 -999999 999999 0 1 6 -999999 999999 -999999 999999 2 0 0 0 7 2 0
0.0 0.0 0.86 0.003 1 0 3 0 500 -999999 999999 0 1 6 -999999 999999 -999999 999999 2 0 0 0 7 2 0
-218.152 0.591 0.969 0.393 1 0 3 0 500 -999999 999999 0 1 6 -999999 999999 -999999 999999 2 0 0 0 7 2 0
0.0 0.0 0.997 0.188 1 0 3 0 500 -999999 999999 0 1 6 -999999 999999 -999999 999999 2 0 0 0 7 2 0
-556.99 0.017 0.886 0.586 1 0 3 0 500 -999999 999999 0 1 6 -999999 999999 -999999 999999 2 0 0 0 7 2 0
-107.425 0.006 0.995 0.129 1 0 3 0 500 -999999 999999 0 1 6 -999999 999999 -999999 999999 2 0 0 0 7 2 0
3.1030000000000006 0.202 0.999 0.177 1 0 3 0 500 -999999 999999 0 1 6 -999999 999999 -999999 999999 2 0 0 0 7 2 0
7.865 0.092 1.0 0.073 1 0 3 0 500 -999999 999999 0 1 6 -999999 999999 -999999 999999 2 0 0 0 7 2 0
0.0 0.648 0.789 0.49 1 0 3 0 500 -999999 999999 0 1 6 -999999 999999 -999999 999999 2 0 0 0 7 2 0
-1.062 0.219 0.914 0.187 1 0 3 0 500 -999999 999999 0 1 6 -999999 999999 -999999 999999 2 0 0 0 7 2 0
-88.565 0.057 0.478 0.076 1 0 3 0 500 -999999 999999 0 1 6 -999999 999999 -999999 999999 2 0 0 0 7 2 0
-7.318999999999998 0.158 0.999 0.277 1 0 3 0 500 -999999 999999 0 1 6 -999999 999999 -999999 999999 2 0 0 0 7 2 0
-174.19299999999998 0.003 0.963 0.362 1 0 3 0 500 -999999 999999 0 1 6 -999999 999999 -999999 999999 2 0 0 0 7 2 0
-625.9 0.086 0.768 0.727 1 0 3 0 500 -999999 999999 0 1 6 -999999 999999 -999999 999999 2 0 0 0 7 2 0
-53.885000000000005 0.372 0.697 0.04 1 0 3 0 500 -999999 999999 0 1 6 -999999 999999 -999999 999999 2 0 0 0 7 2 0
-68.16499999999999 0.441 0.997 0.124 1 0 3 0 500 -999999 999999 0 1 6 -999999 999999 -999999 999999 2 0 0 0 7 2 0
-59.907 0.436 0.89 0.153 1 0 3 0 500 -999999 999999 0 1 6 -999999 999999 -999999 999999 2 0 0 0 7 2 0
0.0 0.002 0.862 0.333 1 0 3 0 500 -999999 999999 0 1 6 -999999 999999 -999999 999999 2 0 0 0 7 2 0
-98.828 0.459 0.999 0.147 1 0 3 0 500 -999999 999999 0 1 6 -999999 999999 -999999 999999 2 0 0 0 7 2 0
-1.254 0.191 0.917 0.123 1 0 3 0 500 -999999 999999 0 1 6 -999999 999999 -999999 999999 2 0 0 0 7 2 0
-214.4 0.001 0.871 0.07 1 0 3 0 500 -999999 999999 0 1 6 -999999 999999 -999999 999999 2 0 0 0 7 2 0
-118.46999999999998 0.419 0.717 0.036 1 0 3 0 500 -999999 999999 0 1 6 -999999 999999 -999999 999999 2 0 0 0 7 2 0
7.871 0.09 1.0 0.009 1 0 3 0 500 -999999 999999 0 1 6 -999999 999999 -999999 999999 2 0 0 0 7 2 0
7.871 0.201 0.87 0.003 1 0 3 0 500 -999999 999999 0 1 6 -999999 999999 -999999 999999 2 0 0 0 7 2 0
-26.746999999999996 0.387 0.841 0.063 1 0 3 0 500 -999999 999999 0 1 6 -999999 999999 -999999 999999 2 0 0 0 7 2 0
-22.718 0.038 0.925 0.256 1 0 3 0 500 -999999 999999 0 1 6 -999999 999999 -999999 999999 2 0 0 0 7 2 0
7.844999999999999 0.185 0.994 0.046 1 0 3 0 500 -999999 999999 0 1 6 -999999 999999 -999999 999999 2 0 0 0 7 2 0
0.0 0.714 0.914 0.265 1 0 3 0 500 -999999 999999 0 1 6 -999999 999999 -999999 999999 2 0 0 0 7 2 0
1.497 0.071 0.998 0.262 1 0 3 0 500 -999999 999999 0 1 6 -999999 999999 -999999 999999 2 0 0 0 7 2 0
7.871 0.079 1.0 0.076 1 0 3 0 500 -999999 999999 0 1 6 -999999 999999 -999999 999999 2 0 0 0 7 2 0
-77.73299999999999 0.011 0.929 0.16 1 0 3 0 500 -999999 999999 0 1 6 -999999 999999 -999999 999999 2 0 0 0 7 2 0
-0.8639999999999999 0.197 0.732 0.004 1 0 3 0 500 -999999 999999 0 1 6 -999999 999999 -999999 999999 2 0 0 0 7 2 0
-71.16 0.013 0.794 0.129 1 0 3 0 500 -999999 999999 0 1 6 -999999 999999 -999999 999999 2 0 0 0 7 2 0
7.871 0.057 0.99 0.153 1 0 3 0 500 -999999 999999 0 1 6 -999999 999999 -999999 999999 2 0 0 0 7 2 0
-547.12 0.553 0.945 0.614 1 0 3 0 500 -999999 999999 0 1 6 -999999 999999 -999999 999999 2 0 0 0 7 2 0
-1.095 0.013 0.929 0.007 1 0 3 0 500 -999999 999999 0 1 6 -999999 999999 -999999 999999 2 0 0 0 7 2 0
-44.589 0.027 0.997 0.297 1 0 3 0 500 -999999 999999 0 1 6 -999999 999999 -999999 999999 2 0 0 0 7 2 0
-526.84 0.011 0.982 0.52 1 0 3 0 500 -999999 999999 0 1 6 -999999 999999 -999999 999999 2 0 0 0 7 2 0
6.45 0.058 0.973 0.13 1 0 3 0 500 -999999 999999 0 1 6 -999999 999999 -999999 999999 2 0 0 0 7 2 0
7.871 0.099 0.893 0.008 1 0 3 0 500 -999999 999999 0 1 6 -999999 999999 -999999 999999 2 0 0 0 7 2 0
5.8149999999999995 0.097 0.876 0.056 1 0 3 0 500 -999999 999999 0 1 6 -999999 999999 -999999 999999 2 0 0 0 7 2 0
-556.62 0.076 0.994 0.6 1 0 3 0 500 -999999 999999 0 1 6 -999999 999999 -999999 999999 2 0 0 0 7 2 0
7.871 0.145 0.999 0.127 1 0 3 0 500 -999999 999999 0 1 6 -999999 999999 -999999 999999 2 0 0 0 7 2 0
7.871 0.058 0.996 0.0 1 0 3 0 500 -999999 999999 0 1 6 -999999 999999 -999999 999999 2 0 0 0 7 2 0
-105.559 0.013 0.694 0.258 1 0 3 0 500 -999999 999999 0 1 6 -999999 999999 -999999 999999 2 0 0 0 7 2 0
-139.749 0.005 0.922 0.144 1 0 3 0 500 -999999 999999 0 1 6 -999999 999999 -999999 999999 2 0 0 0 7 2 0
7.056 0.082 0.866 0.039 1 0 3 0 500 -999999 999999 0 1 6 -999999 999999 -999999 999999 2 0 0 0 7 2 0
-163.038 0.396 0.683 0.184 1 0 3 0 500 -999999 999999 0 1 6 -999999 999999 -999999 999999 2 0 0 0 7 2 0
-173.09 0.003 0.984 0.192 1 0 3 0 500 -999999 999999 0 1 6 -999999 999999 -999999 999999 2 0 0 0 7 2 0
-17.315 0.544 0.977 0.027 1 0 3 0 500 -999999 999999 0 1 6 -999999 999999 -999999 999999 2 0 0 0 7 2 0
-49.896 0.007 0.995 0.002 1 0 3 0 500 -999999 999999 0 1 6 -999999 999999 -999999 999999 2 0 0 0 7 2 0
-348.752 0.001 0.962 0.062 1 0 3 0 500 -999999 999999 0 1 6 -999999 999999 -999999 999999 2 0 0 0 7 2 0
-103.989 0.065 0.732 0.301 1 0 3 0 500 -999999 999999 0 1 6 -999999 999999 -999999 999999 2 0 0 0 7 2 0
-40.413 0.033 0.931 0.45 1 0 3 0 500 -999999 999999 0 1 6 -999999 999999 -999999 999999 2 0 0 0 7 2 0
-172.38899999999998 0.138 0.807 0.433 1 0 3 0 500 -999999 999999 0 1 6 -999999 999999 -999999 999999 2 0 0 0 7 2 0
-9.641000000000002 0.062 0.924 0.176 1 0 3 0 500 -999999 999999 0 1 6 -999999 999999 -999999 999999 2 0 0 0 7 2 0
-84.537 0.429 0.948 0.237 1 0 3 0 500 -999999 999999 0 1 6 -999999 999999 -999999 999999 2 0 0 0 7 2 0
-128.638 0.241 0.716 0.16 1 0 3 0 500 -999999 999999 0 1 6 -999999 999999 -999999 999999 2 0 0 0 7 2 0
6.65 0.069 0.998 0.211 1 0 3 0 500 -999999 999999 0 1 6 -999999 999999 -999999 999999 2 0 0 0 7 2 0
5.43 0.05 0.854 0.027 1 0 3 0 500 -999999 999999 0 1 6 -999999 999999 -999999 999999 2 0 0 0 7 2 0
7.871 0.059 0.989 0.157 1 0 3 0 500 -999999 999999 0 1 6 -999999 999999 -999999 999999 2 0 0 0 7 2 0
-83.27799999999999 0.366 0.994 0.175 1 0 3 0 500 -999999 999999 0 1 6 -999999 999999 -999999 999999 2 0 0 0 7 2 0
3.6949999999999994 0.116 0.862 0.068 1 0 3 0 500 -999999 999999 0 1 6 -999999 999999 -999999 999999 2 0 0 0 7 2 0
-649.13 0.055 0.975 0.776 1 0 3 0 500 -999999 999999 0 1 6 -999999 999999 -999999 999999 2 0 0 0 7 2 0
-16.348 0.185 0.974 0.234 1 0 3 0 500 -999999 999999 0 1 6 -999999 999999 -999999 999999 2 0 0 0 7 2 0
0.0 0.055 0.27 0.325 1 0 3 0 500 -999999 999999 0 1 6 -999999 999999 -999999 999999 2 0 0 0 7 2 0
6.8420000000000005 0.121 0.998 0.177 1 0 3 0 500 -999999 999999 0 1 6 -999999 999999 -999999 999999 2 0 0 0 7 2 0
-77.31299999999999 0.011 0.872 0.263 1 0 3 0 500 -999999 999999 0 1 6 -999999 999999 -999999 999999 2 0 0 0 7 2 0
5.836 0.023 1.0 0.107 1 0 3 0 500 -999999 999999 0 1 6 -999999 999999 -999999 999999 2 0 0 0 7 2 0
-82.796 0.271 0.754 0.114 1 0 3 0 500 -999999 999999 0 1 6 -999999 999999 -999999 999999 2 0 0 0 7 2 0
3.55 0.088 1.0 0.251 1 0 3 0 500 -999999 999999 0 1 6 -999999 999999 -999999 999999 2 0 0 0 7 2 0
-245.35499999999996 0.003 0.996 0.119 1 0 3 0 500 -999999 999999 0 1 6 -999999 999999 -999999 999999 2 0 0 0 7 2 0
7.733 0.324 1.0 0.019 1 0 3 0 500 -999999 999999 0 1 6 -999999 999999 -999999 999999 2 0 0 0 7 2 0
7.871 0.112 0.985 0.015 1 0 3 0 500 -999999 999999 0 1 6 -999999 999999 -999999 999999 2 0 0 0 7 2 0
4.808999999999999 0.075 0.914 0.124 1 0 3 0 500 -999999 999999 0 1 6 -999999 999999 -999999 999999 2 0 0 0 7 2 0
-121.478 0.385 0.972 0.301 1 0 3 0 500 -999999 999999 0 1 6 -999999 999999 -999999 999999 2 0 0 0 7 2 0
-77.723 0.122 0.873 0.43 1 0 3 0 500 -999999 999999 0 1 6 -999999 999999 -999999 999999 2 0 0 0 7 2 0
-24.53 0.277 0.873 0.156 1 0 3 0 500 -999999 999999 0 1 6 -999999 999999 -999999 999999 2 0 0 0 7 2 0
-17.557 0.019 0.994 0.179 1 0 3 0 500 -999999 999999 0 1 6 -999999 999999 -999999 999999 2 0 0 0 7 2 0
-252.04699999999997 0.001 0.746 0.007 1 0 3 0 500 -999999 999999 0 1 6 -999999 999999 -999999 999999 2 0 0 0 7 2 0
-37.55 0.063 0.531 0.006 1 0 3 0 500 -999999 999999 0 1 6 -999999 999999 -999999 999999 2 0 0 0 7 2 0
-33.672999999999995 0.372 0.992 0.274 1 0 3 0 500 -999999 999999 0 1 6 -999999 999999 -999999 999999 2 0 0 0 7 2 0
-536.84 0.001 0.833 0.533 1 0 3 0 500 -999999 999999 0 1 6 -999999 999999 -999999 999999 2 0 0 0 7 2 0
7.871 0.04 0.985 0.065 1 0 3 0 500 -999999 999999 0 1 6 -999999 999999 -999999 999999 2 0 0 0 7 2 0
-108.225 0.513 0.762 0.083 1 0 3 0 500 -999999 999999 0 1 6 -999999 999999 -999999 999999 2 0 0 0 7 2 0
-155.40699999999998 0.005 0.785 0.2 1 0 3 0 500 -999999 999999 0 1 6 -999999 999999 -999999 999999 2 0 0 0 7 2 0
-293.688 0.002 0.873 0.019 1 0 3 0 500 -999999 999999 0 1 6 -999999 999999 -999999 999999 2 0 0 0 7 2 0
-537.75 0.033 0.999 0.57 1 0 3 0 500 -999999 999999 0 1 6 -999999 999999 -999999 999999 2 0 0 0 7 2 0
7.871 0.115 0.981 0.006 1 0 3 0 500 -999999 999999 0 1 6 -999999 999999 -999999 999999 2 0 0 0 7 2 0
7.813 0.308 0.984 0.048 1 0 3 0 500 -999999 999999 0 1 6 -999999 999999 -999999 999999 2 0 0 0 7 2 0
-43.15 0.054 0.779 0.267 1 0 3 0 500 -999999 999999 0 1 6 -999999 999999 -999999 999999 2 0 0 0 7 2 0
-12.123 0.183 0.964 0.478 1 0 3 0 500 -999999 999999 0 1 6 -999999 999999 -999999 999999 2 0 0 0 7 2 0
-0.776 0.087 0.989 0.263 1 0 3 0 500 -999999 999999 0 1 6 -999999 999999 -999999 999999 2 0 0 0 7 2 0
-45.483999999999995 0.022 0.888 0.27 1 0 3 0 500 -999999 999999 0 1 6 -999999 999999 -999999 999999 2 0 0 0 7 2 0
-88.47199999999998 0.007 0.933 0.063 1 0 3 0 500 -999999 999999 0 1 6 -999999 999999 -999999 999999 2 0 0 0 7 2 0
7.051 0.075 0.976 0.168 1 0 3 0 500 -999999 999999 0 1 6 -999999 999999 -999999 999999 2 0 0 0 7 2 0
-52.70799999999999 0.027 0.801 0.041 1 0 3 0 500 -999999 999999 0 1 6 -999999 999999 -999999 999999 2 0 0 0 7 2 0
7.871 0.025 0.988 0.001 1 0 3 0 500 -999999 999999 0 1 6 -999999 999999 -999999 999999 2 0 0 0 7 2 0
-197.426 0.002 0.694 0.216 1 0 3 0 500 -999999 999999 0 1 6 -999999 999999 -999999 999999 2 0 0 0 7 2 0
-39.087999999999994 0.031 0.963 0.33 1 0 3 0 500 -999999 999999 0 1 6 -999999 999999 -999999 999999 2 0 0 0 7 2 0
7.871 0.122 0.957 0.047 1 0 3 0 500 -999999 999999 0 1 6 -999999 999999 -999999 999999 2 0 0 0 7 2 0
7.867 0.139 0.896 0.048 1 0 3 0 500 -999999 999999 0 1 6 -999999 999999 -999999 999999 2 0 0 0 7 2 0
0.0 0.0 0.997 0.127 1 0 3 0 500 -999999 999999 0 1 6 -999999 999999 -999999 999999 2 0 0 0 7 2 0
-71.51299999999999 0.007 0.996 0.052 1 0 3 0 500 -999999 999999 0 1 6 -999999 999999 -999999 999999 2 0 0 0 7 2 0
-41.803 0.2 0.962 0.252 1 0 3 0 500 -999999 999999 0 1 6 -999999 999999 -999999 999999 2 0 0 0 7 2 0
-32.949 0.034 0.883 0.429 1 0 3 0 500 -999999 999999 0 1 6 -999999 999999 -999999 999999 2 0 0 0 7 2 0
-22.287999999999997 0.025 0.993 0.211 1 0 3 0 500 -999999 999999 0 1 6 -999999 999999 -999999 999999 2 0 0 0 7 2 0
-125.523 0.006 0.992 0.074 1 0 3 0 500 -999999 999999 0 1 6 -999999 999999 -999999 999999 2 0 0 0 7 2 0
-46.464 0.034 0.883 0.402 1 0 3 0 500 -999999 999999 0 1 6 -999999 999999 -999999 999999 2 0 0 0 7 2 0
-200.0 0.001 0.985 0.267 1 0 3 0 500 -999999 999999 0 1 6 -999999 999999 -999999 999999 2 0 0 0 7 2 0
7.871 0.097 0.962 0.006 1 0 3 0 500 -999999 999999 0 1 6 -999999 999999 -999999 999999 2 0 0 0 7 2 0
-84.587 0.34 0.968 0.478 1 0 3 0 500 -999999 999999 0 1 6 -999999 999999 -999999 999999 2 0 0 0 7 2 0
7.871 0.018 0.998 0.002 1 0 3 0 500 -999999 999999 0 1 6 -999999 999999 -999999 999999 2 0 0 0 7 2 0
-15.765999999999996 0.056 0.969 0.253 1 0 3 0 500 -999999 999999 0 1 6 -999999 999999 -999999 999999 2 0 0 0 7 2 0
